//************************************************


// File Format Version 3.1


// Janus Release 3.0.2


// Acquisition Mode: Tracker A X-view only


// Energy Histogram Channels: 8192


// ToA/ToT LSB: 0.5 ns


// Run start time: Mon Jan 01 15:46:47 2025 UTC

// Run info format:

// Detector Run Date LocalTime Location DetectorPositionXYZ Theta Phi PlaneSeparation MinADC. flipped and reverse planes version 1


//************************************************

ATHAA 0001 01JAN2025 09:46:47 Pyramid 3.0 25.0 0.8 30.0 90.0 1.0 20


       Tstamp_us        TrgID   Brd  Ch       LG       HG


       14000.189            0    00  26      150       39 


                                 00  27      250       41 


       14054.077            0    02  00      300       44 


                                 02  01      100      110 


       14280.066            0    04  01      250       36 


                                 04  02      150       34

       14000.189            0    01  45       50       39 


                                 01  46      350       41 


       14054.077            0    03  47      400       44 


       14280.066            0    05  46       70       36 


                                 05  47      330       34 

       15000.189            1    00  19      150       39 


                                 00  20      250       41 


       15054.077            1    02  14      300       44 


                                 02  15      100      110 


       15280.066            1    04  22      250       36 


                                 04  23      150       34

       15000.189            1    01  03       50       39 


                                 01  04      350       41 


       15054.077            1    03  04      400       44 


       15280.066            1    05  03       70       36 


                                 05  04      330       34 

       20000.543            2    00  24      380       39 

                                 00  25       30       41 


       21001.708            2    02  02      100       44 


                                 02  03      300      110 


       20965.000            2    04  01       25       36 


                                 04  02      380       34 


       20000.543            2    01  02      180       39

                                 01  03      220       34 
 

       21001.708            2    03  24      160       44 


                                 03  25      240      110 


       21965.000            2    05  44      300       36 


                                 05  45      100       34 

       25000.543            3    00  00       15       39 

                                 00  01      380       41 


       26001.708            3    02  23       50       44 


                                 02  24      350      110 


       24965.000            3    04  19       50       36 

                                 04  20      350       34 


       25000.543            3    01  43      380       39

                                 01  44       20       34 
 

       25001.708            3    03  38       30       44 


                                 03  39      370      110 


       24965.000            3    05  35      150       36 


                                 05  36      250       34 

