//************************************************
// File Format Version 3.2
// Janus Release 3.2.3
// Acquisition Mode: Spectroscopy
// Energy Histogram Channels: 8192
// ToA/ToT LSB: 0.5 ns
// Run start time: Wed Oct 15 18:38:55 2025 UTC
// Run info format:
// Detector Run Date LocalTime Location DetectorPositionXYZ Theta Phi PlaneSeparation MinADC
//************************************************
COMMENTS: 
ATHAB 116 15OCT2025 18:38:55 Pyramid 3.0 25.0 0.8 0.0 0.0 0.86 100 
		Tstamp_us	   TrgID	     Brd	      Ch	      LG	      HG
		16033.600	       0	      00	      07	    1300	    5517
		16033.608	       0	      02	      11	     789	    2559
		16033.608	       0	      02	      12	     916	    3019
		16033.568	       0	      04	      03	    1187	    1565
		16033.568	       0	      04	      04	     594	     119
		16033.616	       0	      01	      26	    1906	    8050
		16033.616	       0	      01	      27	      98	     401
		16033.592	       0	      03	      26	    1405	    3626
		16033.592	       0	      03	      27	    1027	    2407
		16033.552	       0	      05	      25	    1004	       0
		16033.552	       0	      05	      26	     845	       0
		20435.944	       1	      00	      17	    1218	    5299
		20435.944	       1	      00	      18	    1120	    4913
		20435.944	       1	      02	      19	     961	    3535
		20435.944	       1	      02	      20	    2003	    7389
		20435.912	       1	      04	      15	    1574	    2702
		20435.960	       1	      01	      03	    1353	    6109
		20435.960	       1	      01	      04	     652	    2828
		20435.920	       1	      03	      03	    1700	    6025
		20435.888	       1	      05	      03	     687	       0
		20435.888	       1	      05	      04	    1135	     852
		28149.800	       2	      00	      10	     472	    2059
		68791.560	       3	      00	      08	     537	    2446
		72298.248	       4	      00	      15	     953	    4181
		72298.248	       4	      00	      16	    1271	    5413
		72298.208	       4	      04	      16	    1600	    3298
		72298.208	       4	      04	      17	    1501	    2918
		72298.264	       4	      01	      04	    2248	    8087
		72298.264	       4	      01	      05	     807	    3617
		72298.264	       4	      01	      06	      75	     336
		72298.200	       4	      05	      18	    1336	    1106
		72298.200	       4	      05	      19	    1392	    1284
		72339.800	       5	      00	      14	     569	    2438
		76012.128	       6	      00	      07	    1128	    4587
		81178.624	       7	      00	      10	     626	    2737
		98593.960	       8	      00	      02	     569	    2598
		98593.960	       8	      00	      03	    1757	    7502
		98593.968	       8	      02	      04	    1118	    3701
		98593.968	       8	      02	      05	    1024	    3422
		98593.928	       8	      04	      01	    1975	    4316
		98593.928	       8	      04	      02	     226	       7
		98593.984	       8	      01	      24	     112	     391
		98593.984	       8	      01	      25	    1387	    5988
		98593.944	       8	      03	      22	     360	     748
		98593.944	       8	      03	      23	    1741	    5251
		98593.912	       8	      05	      27	    1423	    1295
		100536.240	       9	      00	      14	      79	     301
		100536.240	       9	      00	      21	     933	    4204
		100536.240	       9	      00	      22	     597	    2614
		100536.248	       9	      02	      25	    2002	    6723
		100536.208	       9	      04	      18	     667	       0
		100536.208	       9	      04	      19	     186	      12
		100536.256	       9	      01	      43	     874	    3904
		100536.256	       9	      01	      44	    1336	    5772
		100536.224	       9	      03	      40	    1499	    3959
		100536.192	       9	      05	      46	    1887	    3431
		100536.192	       9	      05	      47	    2728	    5766
		107794.976	      10	      00	      22	      91	     330
		107794.976	      10	      00	      23	    2419	    8032
		107794.976	      10	      00	      24	     378	    1566
		107794.976	      10	      02	      14	     122	     357
		107794.976	      10	      02	      15	    2513	    8092
		107794.992	      10	      01	      22	     128	     661
		107794.992	      10	      01	      23	    3836	    8137
		107794.992	      10	      01	      24	     471	    2194
		107794.960	      10	      03	      31	    2391	    7750
		107794.960	      10	      03	      32	    1312	    3873
		110664.336	      11	      00	      09	    2263	    8010
		110664.336	      11	      02	      07	     778	    2895
		110664.336	      11	      02	      08	    1066	    4161
		110664.360	      11	      01	      01	     822	    3566
		110664.360	      11	      01	      02	    1794	    7938
		110664.320	      11	      03	      07	    2056	    6997
		110664.320	      11	      03	      08	    2165	    7480
		116027.152	      12	      00	      08	     711	    3067
		116027.152	      12	      00	      09	     397	    1830
		118772.752	      13	      00	      25	     649	    2666
		118772.752	      13	      00	      26	     105	     374
		119425.312	      14	      00	      10	     647	    2825
		135481.464	      15	      00	      03	    1010	    4473
		135481.464	      15	      00	      04	     828	    3669
		135481.472	      15	      02	      06	     774	    2203
		135481.472	      15	      02	      07	    1265	    4136
		135481.432	      15	      04	      00	    1448	    2481
		135481.432	      15	      04	      01	     759	       0
		135481.488	      15	      01	      29	     878	    3880
		135481.488	      15	      01	      30	    1151	    4921
		135481.448	      15	      03	      30	    1527	    4703
		135481.448	      15	      03	      31	     425	     855
		147228.272	      16	      00	      22	     980	    4164
		147228.272	      16	      00	      23	    1116	    4919
		147228.272	      16	      00	      24	      86	     311
		147228.272	      16	      02	      20	     166	     541
		147228.272	      16	      02	      21	    3684	    8022
		147228.272	      16	      02	      22	    1725	    6442
		147228.272	      16	      02	      23	     106	     301
		147228.240	      16	      04	      24	    2375	    5492
		147228.296	      16	      01	      16	     660	    2913
		147228.296	      16	      01	      17	    1728	    7778
		147228.248	      16	      03	      09	    1113	    3493
		147228.248	      16	      03	      10	    3888	    8046
		147228.248	      16	      03	      11	    1349	    4302
		147228.224	      16	      05	      24	    1094	     213
		167923.584	      17	      00	      14	     735	    3254
		173231.896	      18	      00	      24	     832	    3646
		173231.896	      18	      00	      25	    1355	    5694
		173231.904	      18	      02	      25	    1174	    4210
		173231.904	      18	      02	      26	    1031	    3623
		173231.864	      18	      04	      24	    1618	    3385
		173231.864	      18	      04	      25	     714	     229
		173231.912	      18	      01	      08	     762	    3227
		173231.912	      18	      01	      09	    1020	    4589
		173231.880	      18	      03	      08	     934	    2680
		173231.880	      18	      03	      09	     688	    1934
		173231.848	      18	      05	      08	     967	     217
		173231.848	      18	      05	      09	     827	       0
		181800.520	      19	      00	      00	     751	    3219
		206788.752	      20	      00	      20	     749	    3393
		256531.032	      21	      00	      04	    1665	    7101
		256531.040	      21	      02	      02	    1322	    4494
		256530.992	      21	      04	      06	    1250	    2020
		256530.992	      21	      04	      07	     554	      61
		256531.048	      21	      01	      26	     377	    1651
		256531.048	      21	      01	      27	    1299	    5518
		256531.008	      21	      03	      24	     442	    1184
		256531.008	      21	      03	      25	    1054	    3213
		256530.976	      21	      05	      28	    1032	     371
		256530.976	      21	      05	      29	     838	       0
		262089.144	      22	      00	      00	    1745	    7577
		262089.112	      22	      04	      02	    1274	    1889
		262089.112	      22	      04	      03	     740	     183
		262089.096	      22	      05	      18	    1874	    3583
		263437.840	      23	      00	      12	     944	    3964
		263437.840	      23	      00	      13	    1217	    5162
		263437.848	      23	      02	      15	    1381	    4591
		263437.848	      23	      02	      16	    2054	    7424
		263437.808	      23	      04	      10	    1750	    3734
		263437.808	      23	      04	      11	     151	      77
		263437.864	      23	      01	      20	    1964	    8074
		263437.864	      23	      01	      21	      86	     307
		263437.824	      23	      03	      27	    2368	    7862
		263437.792	      23	      05	      13	    1017	     175
		263437.792	      23	      05	      14	    1015	      10
		263693.928	      24	      00	      00	     581	    2592
		268924.456	      25	      00	      21	    3132	    8036
		268924.464	      25	      02	      15	     856	    3060
		268924.464	      25	      02	      16	    2133	    7698
		268924.424	      25	      04	      25	     300	     436
		268924.424	      25	      04	      26	    1664	    3565
		268924.472	      25	      01	      33	      73	     334
		268924.472	      25	      01	      34	    1686	    7445
		268924.472	      25	      01	      35	    3172	    8023
		268924.472	      25	      01	      36	     115	     490
		268924.440	      25	      03	      28	    1980	    6655
		272343.872	      26	      00	      16	     577	    2433
		272343.896	      26	      01	      46	     209	     824
		278236.936	      27	      00	      02	     158	     660
		278236.936	      27	      00	      03	    1751	    7419
		278236.904	      27	      04	      09	    2303	    5678
		278236.904	      27	      04	      10	     322	     272
		278236.960	      27	      01	      28	     481	    2155
		278236.960	      27	      01	      29	    2046	    8102
		278236.888	      27	      05	      25	     538	       0
		278236.888	      27	      05	      26	    2008	    3604
		278493.576	      28	      00	      02	     966	    4293
		278493.576	      28	      00	      03	     667	    2961
		278493.544	      28	      04	      02	     590	       0
		278493.544	      28	      04	      03	    1247	    1370
		278493.600	      28	      01	      41	     514	    2184
		278493.600	      28	      01	      42	    1234	    5274
		278493.520	      28	      05	      37	     566	       0
		278493.520	      28	      05	      38	     864	       0
		281912.168	      29	      00	      26	    3494	    8050
		281912.136	      29	      04	      20	    2531	    6530
		281912.136	      29	      04	      21	     781	     323
		281912.184	      29	      01	      14	     311	    1401
		281912.184	      29	      01	      15	    2607	    8090
		281912.120	      29	      05	      13	    1733	    3268
		281912.120	      29	      05	      14	     697	       0
		289259.976	      30	      00	      10	     700	    3146
		289259.976	      30	      00	      11	    3172	    8069
		289259.976	      30	      00	      12	     111	     404
		289259.984	      30	      02	      21	     122	     351
		289259.984	      30	      02	      22	    2603	    8068
		289259.984	      30	      02	      23	    3400	    8036
		289259.984	      30	      02	      24	     157	     351
		289260.000	      30	      01	      36	     276	    1300
		289260.000	      30	      01	      40	    1713	    7659
		289260.000	      30	      01	      41	    1288	    5608
		289259.968	      30	      03	      17	    1044	    2978
		289259.968	      30	      03	      32	    2643	    8091
		289259.968	      30	      03	      33	    1363	    4124
		291235.648	      31	      00	      19	     734	    3182
		291235.648	      31	      00	      20	    1575	    6637
		291235.648	      31	      02	      13	     424	    1478
		291235.648	      31	      02	      14	    2119	    7735
		291235.616	      31	      04	      25	     871	       0
		291235.616	      31	      04	      26	    1483	    1995
		291235.672	      31	      01	      14	     345	    1435
		291235.672	      31	      01	      15	    2911	    8090
		291235.632	      31	      03	      14	    1632	    5666
		291235.632	      31	      03	      15	    1739	    5909
		311473.696	      32	      00	      02	    1125	    4932
		311473.696	      32	      00	      03	      93	     409
		333149.304	      33	      00	      01	     625	    2597
		339547.504	      34	      00	      25	    1131	    4781
		339547.504	      34	      00	      26	     857	    3708
		339547.512	      34	      02	      22	     473	    1372
		339547.512	      34	      02	      23	    2708	    8036
		339547.528	      34	      01	      14	     312	    1377
		339547.496	      34	      03	      15	    1033	    2458
		339547.496	      34	      03	      16	     907	    1955
		340827.448	      35	      00	      00	     673	    2793
		343484.056	      36	      00	      19	    1795	    7613
		343484.056	      36	      00	      20	     802	    3381
		343484.064	      36	      02	      09	     873	    2771
		343484.064	      36	      02	      10	    1272	    4483
		343484.080	      36	      01	      28	    1276	    5304
		343484.080	      36	      01	      29	    1784	    7477
		343484.040	      36	      03	      29	    1194	    3701
		343484.040	      36	      03	      30	    2107	    7098
		343484.040	      36	      03	      31	     140	     310
		352063.992	      37	      00	      05	    1543	    6581
		352063.992	      37	      00	      06	    2591	    8048
		352064.000	      37	      02	      00	    2812	    8029
		352064.008	      37	      01	      00	    3492	    8045
		352064.008	      37	      01	      01	     119	     550
		352063.984	      37	      03	      09	    1134	    3531
		352063.984	      37	      03	      10	    2501	    8046
		368915.912	      38	      00	      19	     536	    2402
		368915.880	      38	      04	      23	     284	       2
		375159.264	      39	      00	      12	    2430	    8032
		375159.264	      39	      02	      11	    2058	    7974
		375159.264	      39	      02	      12	     934	    3319
		375159.288	      39	      01	      46	    1255	    5501
		375159.288	      39	      01	      47	    2189	    8077
		375159.248	      39	      03	      30	     298	     618
		375159.248	      39	      03	      31	     372	     784
		375159.248	      39	      03	      32	    1626	    5053
		375159.248	      39	      03	      33	     862	    2204
		392900.640	      40	      00	      14	    1974	    8136
		392900.640	      40	      00	      15	     666	    2775
		392900.648	      40	      02	      23	    2143	    7765
		392900.656	      40	      01	      44	     969	    4345
		392900.656	      40	      01	      45	    1976	    8038
		392900.656	      40	      01	      46	      92	     409
		392900.624	      40	      03	      41	    1372	    3933
		392900.624	      40	      03	      42	    2101	    7002
		392900.624	      40	      03	      43	     135	     351
		392900.592	      40	      05	      47	     992	     325
		417348.936	      41	      00	      11	      90	     342
		417348.936	      41	      00	      12	    1882	    8032
		417348.936	      41	      00	      14	    2303	    8136
		417348.936	      41	      00	      15	     782	    3422
		417348.936	      41	      02	      20	     140	     343
		417348.936	      41	      02	      21	    1981	    7601
		417348.936	      41	      02	      22	     133	     464
		417348.904	      41	      04	      07	    3826	    8060
		417348.904	      41	      04	      08	     182	     152
		417348.952	      41	      01	      33	     143	     657
		417348.952	      41	      01	      34	    2256	    8006
		417348.952	      41	      01	      35	    1425	    6251
		417348.952	      41	      01	      36	    2097	    7991
		417348.952	      41	      01	      37	     201	     951
		417348.920	      41	      03	      26	    1537	    4855
		417348.920	      41	      03	      27	    1620	    5200
		417348.920	      41	      03	      28	    1973	    6681
		417348.920	      41	      03	      29	     429	    1185
		417348.920	      41	      03	      33	     215	     475
		417348.880	      41	      05	      42	    2370	    5626
		417795.248	      42	      00	      02	    1135	    5033
		417795.248	      42	      00	      03	    1096	    4773
		417795.248	      42	      02	      01	    2428	    8048
		417795.248	      42	      02	      02	     504	    1612
		417795.216	      42	      04	      04	    1634	    3315
		417795.216	      42	      04	      05	     587	       0
		417795.264	      42	      01	      24	    1309	    5753
		417795.264	      42	      01	      25	    1324	    5607
		417795.232	      42	      03	      16	    1356	    4193
		417795.232	      42	      03	      17	     771	    1880
		417795.192	      42	      05	      32	    1266	    1336
		417795.192	      42	      05	      33	    1153	    1075
		425252.712	      43	      00	      15	    1067	    4602
		425252.712	      43	      00	      16	    1654	    7199
		425252.720	      43	      02	      11	     724	    2430
		425252.720	      43	      02	      12	    1334	    4807
		425252.680	      43	      04	      20	    1518	    2683
		425252.728	      43	      01	      14	    1600	    6902
		425252.728	      43	      01	      15	     403	    1696
		425252.696	      43	      03	      14	    3384	    8114
		425252.696	      43	      03	      15	     145	     362
		425252.664	      43	      05	      14	    1533	    2248
		428360.416	      44	      00	      26	    2017	    8050
		428360.376	      44	      04	      23	    1139	    1277
		428360.432	      44	      01	      36	    1400	    6252
		428360.360	      44	      05	      32	     291	       0
		428360.360	      44	      05	      33	    1881	    4260
		464651.528	      45	      00	      14	     721	    3059
		471071.992	      46	      00	      02	    1243	    5372
		471071.976	      46	      03	      20	     415	    1121
		477976.072	      47	      00	      07	     310	    1312
		477976.072	      47	      00	      08	    2130	    8056
		477976.080	      47	      02	      11	    1332	    4756
		477976.080	      47	      02	      12	     490	    1543
		477976.040	      47	      04	      04	    1177	    1686
		477976.040	      47	      04	      05	     771	     416
		477976.088	      47	      01	      09	    1926	    8110
		477976.056	      47	      03	      04	     911	    3068
		477976.056	      47	      03	      05	    2078	    7517
		477976.024	      47	      05	      14	    1770	    3368
		486043.992	      48	      00	      08	    1133	    4896
		486043.992	      48	      02	      15	    2488	    8092
		486043.992	      48	      02	      16	     148	     424
		486043.960	      48	      04	      00	    2369	    5810
		486044.008	      48	      01	      18	    2694	    8097
		486044.008	      48	      01	      19	     967	    4183
		486043.976	      48	      03	      16	    1876	    6088
		490471.968	      49	      00	      19	     130	     487
		490471.968	      49	      00	      20	    1453	    6161
		490471.968	      49	      02	      18	     430	    1595
		490471.968	      49	      02	      19	    1933	    7071
		490471.936	      49	      04	      21	    1523	    2508
		490471.936	      49	      04	      22	     687	       0
		490471.984	      49	      01	      18	    1679	    7201
		490471.984	      49	      01	      19	     213	     951
		490471.952	      49	      03	      17	    1620	    5287
		490471.912	      49	      05	      18	     735	       0
		490471.912	      49	      05	      19	    1683	    2623
		492082.496	      50	      00	      26	     495	    2311
		492082.496	      50	      00	      27	     698	    3073
		492082.440	      50	      05	      46	     699	       0
		492082.440	      50	      05	      47	    1194	     628
		494026.672	      51	      00	      14	    2369	    8136
		494026.672	      51	      02	      11	    1083	    4207
		494026.672	      51	      02	      12	     797	    3005
		494026.640	      51	      04	      17	    1607	    2977
		494026.640	      51	      04	      18	     193	      12
		494026.688	      51	      01	      34	      90	     399
		494026.688	      51	      01	      35	    2738	    8023
		494026.688	      51	      01	      36	     460	    2079
		494026.656	      51	      03	      42	     164	     319
		494026.656	      51	      03	      43	    4000	    8076
		494026.656	      51	      03	      44	    2944	    8013
		494026.656	      51	      03	      45	    1908	    6106
		494026.624	      51	      05	      25	     405	       0
		494026.624	      51	      05	      26	    2280	    4423
		498612.488	      52	      00	      15	    1391	    6075
		498612.488	      52	      00	      16	    1315	    5660
		498612.496	      52	      02	      09	    1107	    3776
		498612.496	      52	      02	      10	    1111	    3588
		498612.448	      52	      04	      21	    1178	    1371
		498612.448	      52	      04	      22	    1030	     945
		498612.504	      52	      01	      16	    1838	    7603
		498612.472	      52	      03	      12	    1129	    3373
		498612.472	      52	      03	      13	    2366	    7552
		498612.432	      52	      05	      18	     952	      47
		498612.432	      52	      05	      19	    1567	    1987
		505524.616	      53	      00	      12	     286	    1280
		505524.616	      53	      00	      13	    1424	    6056
		505524.624	      53	      02	      14	     625	    1995
		505524.624	      53	      02	      15	     661	    2354
		505524.584	      53	      04	      11	     798	     257
		505524.584	      53	      04	      12	    1688	    3291
		505524.640	      53	      01	      43	     291	    1431
		505524.640	      53	      01	      44	    1217	    5376
		505524.600	      53	      03	      44	    2120	    6645
		505524.560	      53	      05	      43	    1751	    3306
		505524.560	      53	      05	      44	     178	       0
		507747.736	      54	      00	      11	     879	    3690
		507747.704	      54	      04	      12	     178	      37
		507747.688	      54	      05	      34	     271	       0
		534952.872	      55	      00	      00	     506	    2228
		534952.888	      55	      01	      35	      47	     302
		536600.920	      56	      00	      03	     679	    3001
		536600.920	      56	      00	      04	     261	    1102
		559959.752	      57	      00	      01	    1099	    4735
		559959.752	      57	      00	      02	      86	     331
		559959.752	      57	      00	      03	      71	     368
		569078.264	      58	      00	      04	    2216	    8050
		569078.264	      58	      00	      05	     837	    3583
		569078.264	      58	      02	      07	     675	    2469
		569078.264	      58	      02	      08	    1365	    5216
		569078.232	      58	      04	      01	    2025	    4520
		569078.232	      58	      04	      02	     271	      32
		569078.280	      58	      01	      30	     269	    1215
		569078.280	      58	      01	      31	    2013	    8065
		569078.248	      58	      03	      23	    2562	    8074
		569078.216	      58	      05	      38	     568	       0
		569078.216	      58	      05	      39	    1734	    3344
		576852.888	      59	      00	      15	     504	    2155
		577791.000	      60	      00	      03	     824	    3670
		577790.968	      60	      04	      00	    1463	    2444
		577790.968	      60	      04	      01	    1450	    2024
		577791.024	      60	      01	      02	    1666	    7306
		577791.024	      60	      01	      03	     498	    2253
		579527.640	      61	      00	      00	    1531	    6616
		579527.600	      61	      04	      01	    1065	    1286
		579527.600	      61	      04	      02	    1271	    2150
		579527.584	      61	      05	      12	    1351	    1850
		600907.240	      62	      00	      01	    1137	    4839
		600907.240	      62	      00	      02	     877	    3764
		600907.248	      62	      02	      04	     774	    2412
		600907.248	      62	      02	      05	    1580	    5648
		600907.264	      62	      01	      19	    1487	    6227
		600907.232	      62	      03	      19	    1240	    3293
		600907.232	      62	      03	      20	     547	    1126
		602220.624	      63	      00	      05	     681	    2992
		602220.624	      63	      00	      06	     150	     596
		602220.608	      63	      03	      43	     177	     103
		604013.712	      64	      00	      26	    1770	    7533
		604013.720	      64	      02	      24	     407	    1437
		604013.720	      64	      02	      25	     923	    3079
		604013.720	      64	      02	      26	     560	    1814
		604013.720	      64	      02	      27	    1769	    6318
		604013.680	      64	      04	      25	    1183	    1158
		604013.680	      64	      04	      26	    1282	    1534
		604013.696	      64	      03	      27	    1420	    4132
		604013.696	      64	      03	      28	     421	    1087
		604013.656	      64	      05	      25	     701	       0
		604013.656	      64	      05	      26	    1193	     747
		613371.200	      65	      00	      09	    1486	    6440
		613371.200	      65	      00	      10	     416	    1800
		613371.168	      65	      04	      04	     603	       0
		613371.168	      65	      04	      05	    1738	    3779
		613371.168	      65	      04	      07	     904	     660
		613371.224	      65	      01	      02	    1939	    8092
		613371.152	      65	      05	      05	     906	     198
		613371.152	      65	      05	      06	    1315	    1888
		646871.096	      66	      00	      06	    1833	    7716
		646871.096	      66	      00	      07	    2984	    8056
		646871.096	      66	      02	      11	    1004	    3844
		646871.096	      66	      02	      12	     908	    3361
		646871.064	      66	      04	      02	    1699	    3604
		646871.064	      66	      04	      03	     244	     108
		646871.112	      66	      01	      24	    1815	    7732
		646871.112	      66	      01	      25	     746	    3206
		646871.080	      66	      03	      16	     505	    1372
		646871.080	      66	      03	      17	    2241	    7673
		646871.080	      66	      03	      21	     433	    1450
		646871.040	      66	      05	      14	    1501	    2278
		646871.040	      66	      05	      30	    1066	     382
		646871.040	      66	      05	      31	    1442	    1750
		698963.712	      67	      00	      24	    1193	    5105
		698963.720	      67	      02	      23	     677	    2075
		698963.720	      67	      02	      24	    1219	    4113
		698963.680	      67	      04	      24	     756	       0
		698963.680	      67	      04	      25	     937	     323
		698963.728	      67	      01	      34	     962	    4310
		698963.728	      67	      01	      35	    1284	    5828
		698963.696	      67	      03	      34	     741	    1449
		698963.696	      67	      03	      35	    1396	    3788
		698963.696	      67	      03	      45	      73	     302
		698963.656	      67	      05	      34	    1437	    1877
		709518.464	      68	      00	      16	     793	    3653
		709518.464	      68	      00	      17	    2448	    8086
		709518.432	      68	      04	      06	    2008	    4783
		709518.432	      68	      04	      07	    2724	    7038
		709518.488	      68	      01	      14	    2330	    8086
		709518.448	      68	      03	      10	     582	    1709
		709518.416	      68	      05	      17	    1179	    1059
		709518.416	      68	      05	      18	    1171	    1168
		730907.992	      69	      00	      21	    1305	    5878
		730907.960	      69	      04	      14	     762	       0
		730907.960	      69	      04	      15	    1730	    3356
		730908.008	      69	      01	      26	     550	    2331
		730908.008	      69	      01	      27	    1685	    7151
		730907.936	      69	      05	      28	    3135	    6460
		730907.936	      69	      05	      29	     437	       0
		743356.928	      70	      00	      06	     145	     517
		743356.928	      70	      00	      08	      97	     420
		743356.928	      70	      00	      09	     833	    3678
		743356.928	      70	      00	      10	    1937	    8028
		743356.928	      70	      00	      14	     209	     917
		743356.928	      70	      00	      16	     201	     881
		743356.928	      70	      00	      17	    1139	    4926
		743356.928	      70	      00	      18	    2330	    8039
		743356.928	      70	      00	      20	     195	     849
		743356.928	      70	      00	      21	     109	     495
		743356.928	      70	      00	      22	      95	     347
		743356.928	      70	      00	      23	    1087	    4709
		743356.928	      70	      00	      24	     743	    3315
		743356.928	      70	      00	      26	     365	    1623
		743356.928	      70	      00	      27	     105	     441
		743356.928	      70	      02	      14	     266	     943
		743356.928	      70	      02	      15	     150	     443
		743356.928	      70	      02	      23	     530	    1881
		743356.928	      70	      02	      24	     174	     484
		743356.928	      70	      02	      26	     215	     661
		743356.928	      70	      02	      27	     153	     311
		743356.888	      70	      04	      00	     874	     496
		743356.888	      70	      04	      04	     163	      85
		743356.888	      70	      04	      11	    1256	    1977
		743356.888	      70	      04	      13	     703	     234
		743356.888	      70	      04	      14	    1912	    4306
		743356.888	      70	      04	      15	     156	     160
		743356.888	      70	      04	      16	     462	     219
		743356.888	      70	      04	      21	    1853	    3979
		743356.888	      70	      04	      23	     210	     151
		743356.888	      70	      04	      24	    1697	    3582
		743356.888	      70	      04	      25	    1505	    2420
		743356.888	      70	      04	      27	    1554	    2894
		743356.944	      70	      01	      00	    2702	    8045
		743356.944	      70	      01	      01	    2377	    8048
		743356.944	      70	      01	      02	    1537	    7081
		743356.944	      70	      01	      03	     597	    2798
		743356.944	      70	      01	      04	    2185	    8087
		743356.944	      70	      01	      05	     510	    2396
		743356.944	      70	      01	      06	      66	     323
		743356.944	      70	      01	      09	     565	    2609
		743356.944	      70	      01	      10	     952	    4322
		743356.944	      70	      01	      13	    2061	    8061
		743356.944	      70	      01	      14	     717	    2936
		743356.944	      70	      01	      15	      82	     471
		743356.944	      70	      01	      28	     229	    1029
		743356.944	      70	      01	      29	     159	     812
		743356.944	      70	      01	      30	     322	    1448
		743356.944	      70	      01	      31	      77	     329
		743356.912	      70	      03	      12	     592	    1685
		743356.912	      70	      03	      13	     158	     214
		743356.912	      70	      03	      34	    1746	    6064
		743356.912	      70	      03	      35	    1045	    3316
		743356.912	      70	      03	      44	     108	     375
		743356.872	      70	      05	      03	     398	       0
		743356.872	      70	      05	      04	    1698	    3092
		743356.872	      70	      05	      22	     417	       0
		743356.872	      70	      05	      23	    1559	    2332
		743356.872	      70	      05	      29	     299	       0
		743356.872	      70	      05	      30	    2144	    4466
		743356.872	      70	      05	      31	     191	      37
		743356.872	      70	      05	      32	     255	     139
		743356.872	      70	      05	      44	     722	       0
		743356.872	      70	      05	      45	     257	       0
		743356.872	      70	      05	      46	    1295	    1822
		751445.760	      71	      00	      15	    1415	    6160
		751445.728	      71	      04	      16	     934	     457
		751445.728	      71	      04	      17	     901	     324
		751445.776	      71	      01	      41	    1545	    6829
		751445.776	      71	      01	      42	     696	    3140
		751445.744	      71	      03	      46	    1057	    2297
		751445.744	      71	      03	      47	    2166	    6927
		751445.704	      71	      05	      35	    1323	    1578
		751445.704	      71	      05	      36	    1394	    1600
		760105.600	      72	      00	      07	      98	     340
		760105.600	      72	      00	      10	     869	    3989
		760105.600	      72	      00	      11	    1798	    7938
		760105.600	      72	      00	      12	     306	    1210
		760105.600	      72	      02	      00	    1628	    6103
		760105.616	      72	      01	      40	     185	     876
		760105.616	      72	      01	      41	     108	     436
		760105.616	      72	      01	      42	    2089	    8053
		760105.616	      72	      01	      43	    1314	    5889
		760105.584	      72	      03	      32	    2606	    8091
		760105.584	      72	      03	      33	     595	    1470
		760105.584	      72	      03	      44	     300	     588
		770963.424	      73	      00	      14	    1522	    6696
		770963.424	      73	      00	      15	     490	    1982
		770963.424	      73	      00	      16	     126	     492
		770963.432	      73	      02	      12	    1727	    6201
		770963.432	      73	      02	      20	     197	     498
		770963.432	      73	      02	      27	     110	     316
		770963.392	      73	      04	      16	     155	     123
		770963.392	      73	      04	      17	    1896	    4334
		770963.448	      73	      01	      25	     280	    1306
		770963.448	      73	      01	      26	    2338	    8050
		770963.448	      73	      01	      27	      77	     305
		770963.416	      73	      03	      33	    1213	    3665
		770963.416	      73	      03	      34	    1593	    4901
		770963.376	      73	      05	      18	    1116	     749
		770963.376	      73	      05	      20	     443	       0
		804980.416	      74	      00	      00	    1660	    7549
		804980.416	      74	      00	      01	     699	    3059
		804980.424	      74	      02	      04	    1983	    7406
		804980.400	      74	      03	      03	    1739	    6352
		812284.456	      75	      00	      24	    1268	    5407
		812284.456	      75	      00	      25	     254	    1112
		812284.456	      75	      00	      26	    4292	    8050
		812284.456	      75	      00	      27	     329	    1404
		812284.424	      75	      04	      16	    2974	    7405
		812284.424	      75	      04	      17	    2273	    5547
		812284.472	      75	      01	      31	    4036	    8065
		812284.472	      75	      01	      32	    2576	    8066
		812284.472	      75	      01	      33	     101	     492
		812284.400	      75	      05	      19	     525	       0
		812284.400	      75	      05	      20	    1759	    3038
		814256.528	      76	      00	      09	    1316	    5626
		814256.528	      76	      02	      10	     328	     961
		814256.528	      76	      02	      11	    1683	    6086
		814256.496	      76	      04	      07	    2044	    4997
		814256.544	      76	      01	      03	    1762	    7695
		814256.504	      76	      03	      01	    1680	    5844
		814256.504	      76	      03	      02	    1574	    5900
		814256.472	      76	      05	      04	     855	       0
		814256.472	      76	      05	      05	    2091	    4633
		832623.248	      77	      00	      13	    2845	    8059
		832623.216	      77	      04	      12	    3079	    8016
		832623.216	      77	      04	      13	     603	     298
		832623.264	      77	      01	      07	     518	    2383
		832623.264	      77	      01	      08	    1832	    7636
		832623.264	      77	      01	      09	     458	    2064
		832623.192	      77	      05	      18	     514	       0
		832623.192	      77	      05	      19	    1204	    1004
		832623.192	      77	      05	      20	    2801	    6802
		832623.192	      77	      05	      21	    3670	    7851
		832623.192	      77	      05	      22	     213	       0
		834070.584	      78	      00	      21	     644	    2953
		834070.584	      78	      00	      22	    1584	    6755
		834070.584	      78	      02	      15	     525	    1844
		834070.584	      78	      02	      16	    2245	    8084
		834070.600	      78	      01	      42	    1377	    5760
		834070.600	      78	      01	      43	    1610	    7029
		834070.568	      78	      03	      34	     857	    2295
		834070.568	      78	      03	      35	    1809	    5794
		847621.112	      79	      00	      25	    1096	    4607
		848239.896	      80	      00	      08	     618	    2691
		848239.864	      80	      04	      23	     113	     412
		849294.952	      81	      00	      05	     481	    2030
		862515.920	      82	      00	      07	    2192	    8056
		862515.920	      82	      00	      08	    1564	    6735
		862515.928	      82	      02	      04	     599	    1967
		862515.928	      82	      02	      05	    1798	    6842
		862515.888	      82	      04	      10	    1403	    2168
		862515.888	      82	      04	      11	    1034	     840
		862515.936	      82	      01	      24	      99	     563
		862515.936	      82	      01	      25	    1694	    7329
		862515.936	      82	      01	      26	    1165	    5165
		862515.896	      82	      03	      32	    1910	    6681
		862515.864	      82	      05	      17	    1320	    1361
		862515.864	      82	      05	      18	    1086	     773
		871518.880	      83	      00	      06	    1187	    5042
		871518.880	      83	      00	      07	     928	    3837
		871518.888	      83	      02	      05	     132	     329
		871518.888	      83	      02	      06	    2298	    8036
		871518.856	      83	      04	      07	    1778	    3716
		871518.904	      83	      01	      30	    1280	    5335
		871518.904	      83	      01	      31	    1338	    5669
		871518.864	      83	      03	      24	     620	    1844
		871518.864	      83	      03	      25	    1611	    5301
		871518.832	      83	      05	      35	    1627	    3293
		874209.488	      84	      00	      21	     603	    2837
		874209.488	      84	      00	      22	     618	    2509
		874209.488	      84	      02	      17	     345	    1066
		874209.488	      84	      02	      18	    1663	    6007
		874209.456	      84	      04	      25	    1244	    1030
		874209.456	      84	      04	      26	     634	       0
		874209.504	      84	      01	      40	    1482	    6344
		874209.504	      84	      01	      41	     753	    3221
		874209.464	      84	      03	      37	    1016	    2507
		874209.464	      84	      03	      38	    1048	    2477
		890448.120	      85	      00	      14	     598	    2511
		890448.120	      85	      00	      15	     701	    2889
		890448.128	      85	      02	      14	     331	     824
		890448.128	      85	      02	      15	    1450	    4708
		890448.088	      85	      04	      14	    1527	    2626
		890448.088	      85	      04	      15	    1454	    2310
		890448.144	      85	      01	      39	    2155	    8032
		890448.144	      85	      01	      40	     770	    3441
		890448.104	      85	      03	      43	     419	     858
		890448.104	      85	      03	      44	    3250	    8013
		890448.072	      85	      05	      34	    2564	    5802
		890448.072	      85	      05	      35	     211	       0
		896060.440	      86	      00	      09	     149	     610
		896060.440	      86	      00	      10	    2252	    8028
		896060.440	      86	      00	      11	      82	     320
		896060.440	      86	      02	      04	     859	    3243
		896060.400	      86	      04	      17	    1812	    4264
		896060.400	      86	      04	      18	     672	       0
		896060.456	      86	      01	      09	      87	     339
		896060.456	      86	      01	      10	    1936	    8081
		896060.456	      86	      01	      11	     730	    3145
		896060.424	      86	      03	      02	    2071	    7489
		896060.424	      86	      03	      03	    1034	    3788
		896060.384	      86	      05	      17	    3077	    7023
		907259.592	      87	      00	      20	     625	    2692
		914942.296	      88	      00	      03	     144	     607
		914942.296	      88	      00	      09	     325	    1527
		914942.296	      88	      00	      10	    4610	    8028
		914942.296	      88	      00	      11	    2849	    8069
		914942.296	      88	      00	      13	     163	     701
		914942.320	      88	      01	      08	    2451	    8106
		914942.320	      88	      01	      09	     136	     658
		914942.280	      88	      03	      03	     700	    2450
		914942.280	      88	      03	      04	    4002	    8111
		914942.280	      88	      03	      05	    2139	    7440
		914942.280	      88	      03	      06	     101	     343
		916346.384	      89	      00	      07	     645	    2759
		920403.640	      90	      00	      24	    1116	    4965
		920403.640	      90	      00	      25	    1206	    5282
		920403.608	      90	      04	      19	    1978	    4525
		920403.664	      90	      01	      25	      93	     331
		920403.664	      90	      01	      26	    1687	    7321
		920403.664	      90	      01	      27	     710	    2964
		920403.592	      90	      05	      24	    1035	       0
		920403.592	      90	      05	      25	     698	       0
		933119.880	      91	      00	      00	     655	    2722
		939045.040	      92	      00	      11	    1005	    4309
		939045.040	      92	      00	      12	    1150	    4907
		939045.064	      92	      01	      02	     209	     965
		940897.168	      93	      00	      19	     617	    2612
		952323.672	      94	      00	      26	    2064	    8050
		952323.672	      94	      00	      27	    1078	    4676
		982135.968	      95	      00	      00	    1824	    8019
		982135.936	      95	      04	      00	    1974	    4580
		1004802.312	      96	      00	      03	    1927	    8022
		1004802.312	      96	      00	      04	     248	     995
		1004802.320	      96	      02	      03	     517	    1676
		1004802.320	      96	      02	      04	    1474	    5363
		1004802.320	      96	      02	      05	     185	     430
		1004802.280	      96	      04	      02	     433	     177
		1004802.280	      96	      04	      03	    1480	    2809
		1004802.328	      96	      01	      12	    1645	    7326
		1004802.296	      96	      03	      11	    1036	    3558
		1004802.296	      96	      03	      12	     532	    1610
		1004802.264	      96	      05	      12	     754	       0
		1004802.264	      96	      05	      13	     634	       0
		1007061.856	      97	      00	      12	     920	    4008
		1015614.456	      98	      00	      03	    2013	    8022
		1015614.456	      98	      00	      04	    2741	    8050
		1015614.456	      98	      00	      05	     566	    2498
		1019081.192	      99	      00	      26	    1935	    8050
		1019081.192	      99	      00	      27	     545	    2224
		1019081.160	      99	      04	      24	    2124	    5230
		1019081.216	      99	      01	      06	     125	     589
		1019081.216	      99	      01	      07	    1328	    5688
		1019081.144	      99	      05	      06	     585	       0
		1019081.144	      99	      05	      07	    1762	    3200
		1026991.376	     100	      00	      02	     458	    1904
		1026991.376	     100	      00	      03	    1077	    4653
		1026991.384	     100	      02	      03	    1178	    3759
		1026991.384	     100	      02	      04	     444	    1166
		1026991.392	     100	      01	      46	     232	    1110
		1026991.392	     100	      01	      47	    1361	    6090
		1026991.360	     100	      03	      44	     362	     699
		1026991.360	     100	      03	      45	    1214	    3072
		1032276.096	     101	      00	      09	      64	     307
		1032276.096	     101	      00	      10	    2445	    8028
		1032276.096	     101	      00	      11	     790	    3579
		1032276.096	     101	      02	      10	     141	     461
		1032276.096	     101	      02	      11	    1795	    6944
		1032276.096	     101	      02	      12	    1139	    4425
		1032276.096	     101	      02	      13	     207	     613
		1032276.056	     101	      04	      09	    2319	    5962
		1032276.112	     101	      01	      21	    2175	    8055
		1032276.112	     101	      01	      22	    1129	    5052
		1032276.072	     101	      03	      19	    2924	    8088
		1032276.072	     101	      03	      38	      99	     303
		1032276.040	     101	      05	      24	    1555	    2219
		1038578.400	     102	      00	      09	     221	     967
		1038578.400	     102	      00	      10	    1328	    5585
		1038578.400	     102	      00	      11	    1374	    5952
		1038578.400	     102	      00	      12	    1681	    7122
		1038578.400	     102	      02	      05	    2249	    8066
		1038578.400	     102	      02	      08	     172	     371
		1038578.400	     102	      02	      23	     152	     144
		1038578.368	     102	      04	      15	    2560	    6386
		1038578.368	     102	      04	      16	    1323	    1937
		1038578.416	     102	      01	      29	      96	     425
		1038578.416	     102	      01	      30	    1524	    6491
		1038578.416	     102	      01	      31	    2300	    8065
		1038578.416	     102	      01	      32	     447	    1963
		1038578.384	     102	      03	      30	     632	    1694
		1038578.384	     102	      03	      31	    2832	    8058
		1038578.384	     102	      03	      33	    1493	    4723
		1038578.344	     102	      05	      00	      98	     405
		1038578.344	     102	      05	      29	    1915	    3443
		1038578.344	     102	      05	      30	    1058	      25
		1069799.000	     103	      00	      20	     701	    2926
		1077101.568	     104	      00	      11	     100	     437
		1077101.568	     104	      00	      12	    4688	    8032
		1077101.536	     104	      04	      17	     631	     318
		1077101.536	     104	      04	      18	    2185	    5535
		1077101.584	     104	      01	      05	      77	     415
		1077101.584	     104	      01	      06	    2843	    8108
		1077101.584	     104	      01	      07	    3029	    8067
		1077101.584	     104	      01	      08	    1651	    6811
		1077101.584	     104	      01	      09	     572	    2603
		1077101.512	     104	      05	      20	    1094	     917
		1077101.512	     104	      05	      21	    1429	    2248
		1105893.288	     105	      00	      00	     476	    2137
		1105893.288	     105	      00	      01	    1513	    6406
		1105893.296	     105	      02	      03	     693	    2540
		1105893.296	     105	      02	      04	    2320	    8044
		1105893.296	     105	      02	      05	    1165	    4363
		1105893.312	     105	      01	      21	     739	    3128
		1105893.312	     105	      01	      22	     262	    1326
		1105893.272	     105	      03	      29	    1662	    5334
		1105893.272	     105	      03	      30	     949	    2922
		1121212.784	     106	      00	      02	    2374	    8056
		1121212.784	     106	      00	      26	      90	     327
		1121212.792	     106	      02	      01	     493	    1651
		1121212.792	     106	      02	      02	    1207	    4611
		1121212.792	     106	      02	      13	    1184	    4369
		1121212.808	     106	      01	      28	     183	     787
		1123769.912	     107	      00	      24	     531	    2192
		1123769.912	     107	      00	      25	    1535	    6432
		1123769.912	     107	      02	      23	     720	    2471
		1123769.912	     107	      02	      24	    3687	    8059
		1123769.912	     107	      02	      25	    1950	    7102
		1123769.912	     107	      02	      26	     162	     398
		1123769.872	     107	      04	      24	     705	     185
		1123769.872	     107	      04	      25	    1588	    2714
		1123769.928	     107	      01	      24	    2626	    8080
		1123769.888	     107	      03	      29	    1439	    4537
		1123769.888	     107	      03	      30	    1072	    3166
		1123769.864	     107	      05	      19	    1818	    2915
		1165257.720	     108	      00	      14	      94	     446
		1165257.720	     108	      00	      15	    1492	    6592
		1165257.720	     108	      02	      11	    1581	    5626
		1165257.680	     108	      04	      18	     218	      99
		1165257.680	     108	      04	      19	    1669	    3417
		1165257.736	     108	      01	      40	    1280	    5559
		1165257.736	     108	      01	      41	    3322	    8030
		1165257.736	     108	      01	      42	     107	     624
		1165257.736	     108	      01	      43	    2155	    8019
		1165257.736	     108	      01	      44	      94	     346
		1165257.696	     108	      03	      34	    1167	    3610
		1165257.696	     108	      03	      35	    1650	    5619
		1165257.664	     108	      05	      46	    1791	    3299
		1165257.664	     108	      05	      47	     931	       0
		1165671.728	     109	      00	      00	    2958	    8019
		1165671.728	     109	      00	      01	     361	    1570
		1165671.736	     109	      02	      10	    2212	    8042
		1165671.736	     109	      02	      11	     889	    3258
		1165671.712	     109	      03	      24	     401	    1294
		1165671.712	     109	      03	      25	    3552	    8120
		1165671.712	     109	      03	      26	     374	    1190
		1167245.048	     110	      00	      10	     686	    2922
		1167245.048	     110	      00	      11	     104	     407
		1167245.032	     110	      03	      30	     232	     376
		1178033.768	     111	      00	      22	     526	    2272
		1183021.080	     112	      00	      15	    1455	    6174
		1183021.080	     112	      00	      16	     158	     648
		1189564.072	     113	      00	      13	    1915	    8059
		1189564.072	     113	      00	      14	      86	     417
		1189564.080	     113	      02	      13	    1629	    6083
		1189564.080	     113	      02	      14	     273	     842
		1189564.040	     113	      04	      13	    1221	    1933
		1189564.096	     113	      01	      35	    1129	    5124
		1189564.096	     113	      01	      36	     432	    1915
		1189564.064	     113	      03	      35	    2553	    8118
		1189564.064	     113	      03	      36	     524	    1361
		1189564.024	     113	      05	      35	    1361	    1951
		1189564.024	     113	      05	      36	     246	       0
		1190190.856	     114	      00	      19	     749	    3295
		1200491.288	     115	      00	      01	    1607	    6670
		1200491.312	     115	      01	      00	    1507	    6361
		1200491.312	     115	      01	      01	     526	    2296
		1212035.592	     116	      00	      24	     190	     810
		1212035.592	     116	      00	      25	    2791	    8032
		1212035.560	     116	      04	      20	    1477	    2827
		1212035.560	     116	      04	      21	    1652	    3515
		1212035.616	     116	      01	      33	    2776	    8053
		1212035.616	     116	      01	      34	     674	    3140
		1212035.544	     116	      05	      19	    2316	    5206
		1212035.544	     116	      05	      20	     585	       0
		1215333.896	     117	      00	      06	    1585	    6934
		1215333.896	     117	      00	      07	     603	    2479
		1215333.896	     117	      02	      10	     749	    2810
		1215333.896	     117	      02	      11	    1170	    4442
		1215333.912	     117	      01	      46	     872	    3795
		1215333.912	     117	      01	      47	    1255	    5544
		1215333.872	     117	      03	      45	    1099	    3339
		1215333.872	     117	      03	      46	    1088	    3325
		1215333.840	     117	      05	      47	     242	       0
		1244379.504	     118	      00	      01	    1828	    7671
		1244379.504	     118	      02	      02	    1671	    6142
		1244379.504	     118	      02	      09	     107	     331
		1244379.464	     118	      04	      00	     815	     532
		1244379.464	     118	      04	      01	    1250	    2108
		1244379.520	     118	      01	      20	    1878	    7953
		1244379.520	     118	      01	      21	     407	    1789
		1244379.480	     118	      03	      17	    1078	    3348
		1252754.600	     119	      00	      04	    1667	    7291
		1252754.608	     119	      02	      06	     645	    2218
		1252754.608	     119	      02	      07	    1886	    7008
		1252754.576	     119	      04	      00	     266	      11
		1252754.576	     119	      04	      01	    1642	    3093
		1252754.616	     119	      01	      40	      63	     301
		1252754.616	     119	      01	      41	    1355	    5830
		1252754.616	     119	      01	      42	     379	    1638
		1252754.592	     119	      03	      40	     118	     310
		1252754.592	     119	      03	      41	    1824	    5640
		1252754.592	     119	      03	      42	     613	    1393
		1252754.552	     119	      05	      15	     104	     469
		1252754.552	     119	      05	      41	     547	       0
		1257536.136	     120	      00	      01	     548	    2161
		1257536.136	     120	      00	      02	    1814	    7324
		1257536.136	     120	      00	      03	     153	     708
		1257536.104	     120	      04	      06	    2231	    5673
		1257536.160	     120	      01	      09	     526	    2329
		1257536.160	     120	      01	      10	     909	    4030
		1257536.088	     120	      05	      09	    1394	    1858
		1257536.088	     120	      05	      10	     815	       0
		1271125.176	     121	      00	      05	     853	    3476
		1289361.128	     122	      00	      25	     835	    3466
		1289361.128	     122	      00	      26	     760	    3452
		1289361.096	     122	      04	      23	     710	       0
		1289361.096	     122	      04	      24	     454	       0
		1289361.144	     122	      01	      36	    1325	    5540
		1289361.072	     122	      05	      36	    1085	     324
		1289406.800	     123	      00	      22	    1414	    6061
		1289406.816	     123	      01	      00	    1318	    5677
		1305833.912	     124	      00	      25	     171	     714
		1305833.912	     124	      00	      26	    2117	    8050
		1305833.920	     124	      02	      22	     151	     398
		1305833.920	     124	      02	      23	     984	    3349
		1305833.920	     124	      02	      24	    1454	    5185
		1305833.896	     124	      03	      07	     814	    2405
		1305833.896	     124	      03	      08	    1159	    3437
		1321105.712	     125	      00	      15	     227	     946
		1321105.712	     125	      00	      16	     458	    2044
		1321105.712	     125	      00	      17	    2345	    8086
		1321105.712	     125	      02	      13	    2838	    8026
		1321105.712	     125	      02	      14	     855	    3339
		1321105.728	     125	      01	      21	      53	     309
		1321105.728	     125	      01	      43	      91	     342
		1321105.728	     125	      01	      44	    1279	    5672
		1321105.728	     125	      01	      45	    1470	    6374
		1321105.728	     125	      01	      46	     109	     487
		1321105.688	     125	      03	      34	     559	    1728
		1321105.688	     125	      03	      35	    3441	    8118
		1327683.416	     126	      00	      03	    3672	    8022
		1327683.416	     126	      00	      04	     698	    2989
		1327683.424	     126	      02	      00	    2282	    8029
		1327683.424	     126	      02	      01	     155	     454
		1327683.440	     126	      01	      40	    1815	    8089
		1327683.440	     126	      01	      41	    1152	    4974
		1327683.408	     126	      03	      28	     416	    1195
		1327683.408	     126	      03	      29	    1994	    6466
		1353831.008	     127	      00	      16	      87	     400
		1353831.008	     127	      00	      17	    2116	    8086
		1353831.008	     127	      00	      18	     887	    3992
		1353831.016	     127	      02	      18	     720	    2626
		1353831.016	     127	      02	      19	    2370	    8069
		1353831.016	     127	      02	      20	     536	    1778
		1353830.976	     127	      04	      16	    2261	    5712
		1353831.032	     127	      01	      18	    6473	    8097
		1353831.032	     127	      01	      19	     553	    2472
		1353831.032	     127	      01	      45	      49	     304
		1353830.992	     127	      03	      09	     145	     489
		1353830.992	     127	      03	      10	    1583	    5416
		1353830.992	     127	      03	      11	    1106	    3652
		1353830.960	     127	      05	      24	     682	       0
		1353830.960	     127	      05	      25	    1265	     913
		1368976.816	     128	      00	      11	    1156	    5108
		1370741.464	     129	      00	      02	    1011	    4251
		1379164.208	     130	      00	      05	    1496	    6492
		1379164.208	     130	      00	      06	    2339	    8048
		1379164.208	     130	      00	      13	     125	     509
		1379164.208	     130	      00	      14	    3532	    8136
		1379164.208	     130	      00	      15	     103	     496
		1379164.208	     130	      00	      16	    1099	    4963
		1379164.176	     130	      04	      13	    1418	    1803
		1379164.176	     130	      04	      14	    1928	    4189
		1379164.176	     130	      04	      25	     677	     472
		1379164.176	     130	      04	      26	    2067	    4646
		1379164.176	     130	      04	      27	     596	      20
		1379164.224	     130	      01	      21	     507	    2291
		1379164.224	     130	      01	      22	    1571	    6872
		1379164.224	     130	      01	      39	    2163	    8032
		1379164.224	     130	      01	      40	    1589	    6965
		1379164.160	     130	      05	      15	    1314	    1408
		1379164.160	     130	      05	      16	    1081	     600
		1384280.504	     131	      00	      24	     668	    2867
		1384280.504	     131	      00	      25	    3076	    8032
		1384280.504	     131	      00	      26	     295	    1380
		1384280.480	     131	      04	      16	    2167	    5432
		1384280.480	     131	      04	      17	     674	       0
		1384280.520	     131	      01	      01	    2863	    8048
		1384280.520	     131	      01	      02	     473	    2190
		1384280.456	     131	      05	      00	    1671	    3126
		1384280.456	     131	      05	      01	    1337	    1642
		1394570.800	     132	      00	      11	     372	    1730
		1394570.800	     132	      00	      12	    1358	    5815
		1394570.808	     132	      02	      15	    1263	    4817
		1394570.808	     132	      02	      16	     863	    3074
		1394570.768	     132	      04	      08	    2307	    5688
		1394570.824	     132	      01	      20	    1899	    8074
		1394570.824	     132	      01	      21	      87	     368
		1394570.792	     132	      03	      23	     104	     339
		1394570.792	     132	      03	      24	    1590	    4462
		1394570.792	     132	      03	      25	     915	    1931
		1394570.792	     132	      03	      26	     170	     450
		1394570.752	     132	      05	      15	    1284	    1385
		1394570.752	     132	      05	      16	     928	      72
		1433761.368	     133	      00	      19	    1185	    5286
		1433761.368	     133	      00	      20	     407	    1728
		1433761.368	     133	      02	      19	    2034	    7176
		1433761.328	     133	      04	      19	     540	     144
		1433761.328	     133	      04	      20	     878	     299
		1433761.384	     133	      01	      25	    1238	    5120
		1433761.384	     133	      01	      26	    1106	    4628
		1433761.344	     133	      03	      25	    2387	    7231
		1433761.312	     133	      05	      25	    1351	    1041
		1433761.312	     133	      05	      26	    1192	     406
		1435172.552	     134	      00	      00	    2101	    8019
		1435172.552	     134	      00	      01	     256	    1086
		1435172.552	     134	      02	      10	    1678	    6203
		1435172.552	     134	      02	      11	     558	    2052
		1435172.536	     134	      03	      37	    1229	    3964
		1435172.536	     134	      03	      38	    2634	    8009
		1462277.960	     135	      00	      27	    1238	    5207
		1462277.968	     135	      02	      23	     794	    2916
		1462277.968	     135	      02	      24	     970	    3581
		1462277.968	     135	      02	      27	     838	    2933
		1462277.944	     135	      03	      22	    3297	    8044
		1465891.352	     136	      00	      01	    1098	    4473
		1465891.352	     136	      00	      02	    1059	    4709
		1465891.360	     136	      02	      18	     126	     329
		1465891.320	     136	      04	      13	    1436	    2305
		1465891.320	     136	      04	      14	    1625	    3250
		1465891.376	     136	      01	      39	    1297	    5630
		1465891.376	     136	      01	      40	    1246	    5571
		1465891.336	     136	      03	      42	      95	     359
		1465891.336	     136	      03	      45	      81	     308
		1465891.304	     136	      05	      37	    2635	    6105
		1465891.304	     136	      05	      38	     554	       0
		1467007.904	     137	      00	      23	     735	    3227
		1472383.240	     138	      00	      08	    2052	    8056
		1472383.240	     138	      02	      10	     758	    2572
		1472383.240	     138	      02	      11	     778	    2725
		1472383.208	     138	      04	      05	    1220	    1588
		1472383.208	     138	      04	      06	     395	      54
		1472383.256	     138	      01	      25	     972	    4310
		1472383.256	     138	      01	      26	    1487	    6605
		1472383.224	     138	      03	      29	     634	    1555
		1472383.224	     138	      03	      30	    1862	    5859
		1472383.184	     138	      05	      21	    1293	    1191
		1472383.184	     138	      05	      22	     410	       0
		1475536.888	     139	      00	      24	    1419	    6275
		1475536.888	     139	      00	      25	     513	    2286
		1475536.896	     139	      02	      13	     130	     388
		1475536.896	     139	      02	      23	    1320	    4674
		1475536.896	     139	      02	      24	     595	    1853
		1475536.856	     139	      04	      25	    1233	    1433
		1475536.856	     139	      04	      26	    1827	    3778
		1475536.912	     139	      01	      06	    1433	    6361
		1475536.912	     139	      01	      07	    1144	    4772
		1475536.872	     139	      03	      06	    1053	    2767
		1475536.872	     139	      03	      07	    1011	    2674
		1475536.840	     139	      05	      06	    2682	    6438
		1475536.840	     139	      05	      07	    1051	     453
		1481418.960	     140	      00	      10	      85	     315
		1481418.960	     140	      00	      11	    1546	    6910
		1481418.960	     140	      00	      12	    2108	    8032
		1481418.936	     140	      04	      03	     197	       5
		1481418.936	     140	      04	      04	    2070	    4948
		1481418.976	     140	      01	      32	    1668	    7141
		1481418.976	     140	      01	      33	     788	    3628
		1481418.976	     140	      01	      35	    1203	    5308
		1481418.976	     140	      01	      36	     750	    3433
		1481418.952	     140	      03	      40	     157	     345
		1481418.952	     140	      03	      42	    1110	    2978
		1487209.080	     141	      00	      02	      90	     370
		1487209.080	     141	      00	      03	     737	    3358
		1517049.624	     142	      00	      27	    1963	    8068
		1517049.632	     142	      02	      25	    1747	    6204
		1517049.608	     142	      03	      04	    1564	    5457
		1522820.792	     143	      00	      13	     672	    2860
		1523564.072	     144	      00	      19	     956	    4043
		1524571.224	     145	      00	      06	    1284	    5582
		1524571.224	     145	      00	      07	    1050	    4135
		1524571.184	     145	      04	      04	     825	     674
		1524571.184	     145	      04	      05	    1257	    2142
		1524571.248	     145	      01	      04	     687	    3123
		1524571.248	     145	      01	      05	    2086	    8056
		1524571.208	     145	      03	      00	    2363	    7799
		1524571.208	     145	      03	      01	     814	    2409
		1524571.168	     145	      05	      09	    1723	    3342
		1524571.168	     145	      05	      10	     180	       0
		1527905.160	     146	      00	      19	    1429	    6187
		1527905.160	     146	      00	      20	     887	    3943
		1527905.160	     146	      02	      20	    1029	    3712
		1527905.160	     146	      02	      21	    1571	    5668
		1527905.120	     146	      04	      18	     817	     449
		1527905.120	     146	      04	      19	     873	     441
		1527905.176	     146	      01	      02	    1053	    4756
		1527905.176	     146	      01	      03	    1612	    7256
		1527905.136	     146	      03	      01	     857	    2475
		1527905.136	     146	      03	      02	    1511	    4903
		1527905.104	     146	      05	      04	    1772	    3489
		1531403.440	     147	      00	      06	     859	    3694
		1531403.456	     147	      01	      00	     313	    1235
		1536761.832	     148	      00	      20	     140	     511
		1536761.832	     148	      00	      21	    1334	    5961
		1536761.840	     148	      02	      19	    1250	    4459
		1536761.840	     148	      02	      20	     384	    1316
		1536761.800	     148	      04	      23	    1190	    1452
		1536761.856	     148	      01	      18	    2934	    8097
		1536761.856	     148	      01	      19	      87	     387
		1536761.816	     148	      03	      19	     354	     855
		1536761.816	     148	      03	      20	    1660	    5300
		1536761.784	     148	      05	      15	     547	       0
		1536761.784	     148	      05	      16	    1158	     520
		1543983.112	     149	      00	      03	    1217	    5225
		1569362.152	     150	      00	      22	     540	    2447
		1576623.928	     151	      00	      26	    2057	    8050
		1576623.928	     151	      00	      27	    1030	    4471
		1576623.896	     151	      04	      24	    1969	    4396
		1576623.896	     151	      04	      25	     971	     311
		1576623.880	     151	      05	      20	     265	       0
		1576623.880	     151	      05	      21	    2856	    6434
		1576623.880	     151	      05	      22	    1950	    3738
		1578202.872	     152	      00	      09	     930	    4175
		1578202.872	     152	      00	      10	    1554	    6761
		1578202.880	     152	      02	      05	    2140	    7930
		1578202.832	     152	      04	      15	    1524	    2735
		1578202.832	     152	      04	      16	     675	     122
		1578202.888	     152	      01	      31	    1178	    5179
		1578202.888	     152	      01	      32	     937	    4220
		1578202.856	     152	      03	      34	     994	    2803
		1578202.856	     152	      03	      35	     830	    2212
		1578202.824	     152	      05	      28	    2331	    4682
		1596259.952	     153	      00	      02	     548	    2439
		1596259.952	     153	      00	      03	    1184	    5197
		1596259.960	     153	      02	      03	     884	    2767
		1596259.960	     153	      02	      04	     503	    1558
		1596259.920	     153	      04	      02	    1130	    1173
		1596259.920	     153	      04	      03	     554	       0
		1596259.976	     153	      01	      21	     421	    1852
		1596259.976	     153	      01	      31	    1101	    4771
		1596259.976	     153	      01	      32	     615	    2818
		1596259.936	     153	      03	      27	    1144	    3376
		1596259.904	     153	      05	      35	     252	       0
		1596259.904	     153	      05	      36	     659	       0
		1596782.016	     154	      00	      08	    1645	    7034
		1596782.016	     154	      00	      09	     277	    1261
		1596782.024	     154	      02	      11	     556	    1746
		1596782.024	     154	      02	      12	    1152	    3847
		1596782.040	     154	      01	      44	    1301	    5665
		1596782.040	     154	      01	      45	     318	    1315
		1596782.000	     154	      03	      40	    1548	    4882
		1596782.000	     154	      03	      41	     628	    1478
		1615756.680	     155	      00	      04	    2819	    8050
		1615756.680	     155	      00	      05	     404	    1849
		1615756.680	     155	      02	      08	     857	    3213
		1615756.680	     155	      02	      09	    1904	    7451
		1615756.696	     155	      01	      26	     876	    3918
		1615756.696	     155	      01	      27	    1694	    7209
		1615756.656	     155	      03	      15	     152	     438
		1615756.656	     155	      03	      16	    1419	    4892
		1615756.656	     155	      03	      17	    1660	    5862
		1622335.304	     156	      00	      21	    2049	    8036
		1622335.304	     156	      00	      22	     817	    3448
		1622335.312	     156	      02	      18	     369	    1168
		1622335.312	     156	      02	      19	    2028	    7414
		1622335.272	     156	      04	      24	    1471	    2404
		1622335.328	     156	      01	      29	     724	    3005
		1622335.328	     156	      01	      30	    2056	    8069
		1622335.296	     156	      03	      33	     936	    2312
		1622335.296	     156	      03	      34	    1391	    4063
		1622335.256	     156	      05	      25	     460	       0
		1622335.256	     156	      05	      26	    2147	    4179
		1626222.600	     157	      00	      02	     947	    4038
		1649178.216	     158	      00	      05	     604	    2520
		1659269.736	     159	      00	      00	    1443	    6176
		1659269.736	     159	      00	      01	     682	    2932
		1659269.744	     159	      02	      00	    2470	    8029
		1659269.744	     159	      02	      16	     117	     396
		1659269.704	     159	      04	      01	    2001	    4308
		1659269.760	     159	      01	      08	    1167	    5072
		1659269.760	     159	      01	      09	     232	    1109
		1659269.688	     159	      05	      09	     500	       0
		1659269.688	     159	      05	      10	    1247	    1085
		1661348.720	     160	      00	      27	     631	    2605
		1662642.712	     161	      00	      16	     694	    2989
		1662642.712	     161	      00	      17	    1411	    6240
		1662642.720	     161	      02	      22	    1898	    6767
		1662642.680	     161	      04	      11	     204	     218
		1662642.680	     161	      04	      12	    1309	    1775
		1662642.728	     161	      01	      22	     829	    3743
		1662642.728	     161	      01	      23	    2175	    8137
		1662642.696	     161	      03	      24	    1223	    3251
		1662642.696	     161	      03	      25	    1067	    2645
		1662642.656	     161	      05	      20	    1405	    1626
		1666149.904	     162	      00	      11	    2471	    8069
		1666149.872	     162	      04	      00	    2513	    6487
		1666149.872	     162	      04	      01	     230	      69
		1666149.872	     162	      04	      15	    1566	    2829
		1666149.872	     162	      04	      16	    1124	    1299
		1666149.920	     162	      01	      37	    2168	    8093
		1666149.920	     162	      01	      38	    1260	    5465
		1666149.880	     162	      03	      47	     349	    1054
		1666149.856	     162	      05	      21	    1558	    2136
		1666149.856	     162	      05	      22	     457	       0
		1666149.856	     162	      05	      25	    1803	    2785
		1666149.856	     162	      05	      26	    1143	     221
		1672795.688	     163	      00	      13	     622	    2717
		1672795.704	     163	      01	      37	      56	     314
		1682395.248	     164	      00	      06	    1143	    4962
		1688903.272	     165	      00	      04	    1739	    7608
		1688903.272	     165	      00	      05	     270	    1142
		1695892.320	     166	      00	      12	    1839	    8032
		1695892.320	     166	      00	      13	    2053	    8059
		1695892.320	     166	      00	      14	      73	     320
		1695892.344	     166	      01	      17	      63	     326
		1695892.344	     166	      01	      18	    5797	    8097
		1695892.344	     166	      01	      19	    2484	    8015
		1695892.304	     166	      03	      10	     342	     754
		1705696.080	     167	      00	      24	    1153	    5030
		1705696.080	     167	      00	      25	     165	     636
		1705696.088	     167	      02	      26	     662	    2319
		1705696.088	     167	      02	      27	    1804	    6225
		1705696.048	     167	      04	      21	    1010	     718
		1705696.048	     167	      04	      22	     439	       7
		1705696.104	     167	      01	      38	    1871	    8013
		1705696.032	     167	      05	      36	     184	     123
		1705696.032	     167	      05	      37	    1870	    3292
		1735818.728	     168	      00	      00	      90	     364
		1735818.728	     168	      00	      01	    1056	    4442
		1735818.728	     168	      00	      02	    1568	    6744
		1735818.728	     168	      00	      03	      80	     316
		1735818.728	     168	      02	      01	     578	    2142
		1735818.728	     168	      02	      02	    1376	    5251
		1735818.728	     168	      02	      03	     146	     319
		1735818.696	     168	      04	      02	    1050	    1175
		1735818.752	     168	      01	      32	      98	     388
		1735818.752	     168	      01	      33	    1830	    7962
		1735818.712	     168	      03	      33	    1070	    3383
		1735818.680	     168	      05	      33	    1347	    1965
		1741996.784	     169	      00	      25	     706	    2971
		1749571.776	     170	      00	      07	     792	    3412
		1749571.776	     170	      00	      08	    1546	    6474
		1749571.776	     170	      02	      01	    1889	    6945
		1749571.776	     170	      02	      02	     760	    2812
		1749571.736	     170	      04	      14	    1691	    3593
		1749571.792	     170	      01	      32	      76	     377
		1749571.792	     170	      01	      33	    2198	    8053
		1749571.792	     170	      01	      34	    5081	    8006
		1749571.792	     170	      01	      35	     703	    3330
		1749571.792	     170	      01	      36	    1519	    6643
		1749571.760	     170	      03	      37	    1336	    3884
		1749571.760	     170	      03	      38	     837	    2263
		1749571.720	     170	      05	      29	     152	       3
		1749571.720	     170	      05	      30	    6377	    8077
		1749571.720	     170	      05	      31	     161	      12
		1754945.952	     171	      00	      11	     196	     874
		1754945.952	     171	      00	      12	     484	    2098
		1759132.904	     172	      00	      18	     499	    2248
		1759132.904	     172	      00	      19	    2793	    8042
		1759132.912	     172	      02	      17	     846	    3052
		1759132.912	     172	      02	      18	    1394	    5213
		1759132.872	     172	      04	      19	     772	     413
		1759132.872	     172	      04	      20	    1011	    1197
		1759132.928	     172	      01	      04	    1356	    5946
		1759132.928	     172	      01	      05	     565	    2561
		1759132.888	     172	      03	      09	    1541	    5366
		1759132.888	     172	      03	      10	     307	     764
		1759132.856	     172	      05	      00	     930	     605
		1770602.848	     173	      00	      08	     851	    3887
		1770602.848	     173	      00	      09	    1189	    5141
		1770602.856	     173	      02	      08	    1726	    6232
		1770602.816	     173	      04	      09	    2181	    5040
		1770602.816	     173	      04	      10	     555	       0
		1770602.864	     173	      01	      11	     550	    2516
		1770602.864	     173	      01	      12	    4755	    8082
		1770602.864	     173	      01	      13	      80	     470
		1770602.832	     173	      03	      17	     384	    1021
		1770602.832	     173	      03	      18	    2615	    8080
		1770602.832	     173	      03	      19	     704	    2138
		1770602.800	     173	      05	      05	     987	       0
		1770602.800	     173	      05	      06	    1425	    1667
		1785383.072	     174	      00	      12	    2145	    8032
		1785383.072	     174	      00	      13	     386	    1720
		1785383.080	     174	      02	      15	    2501	    8092
		1785383.080	     174	      02	      16	     157	     253
		1785383.032	     174	      04	      09	    1783	    3977
		1785383.032	     174	      04	      10	     834	     453
		1785383.088	     174	      01	      09	    1204	    5304
		1785383.088	     174	      01	      10	    1010	    4639
		1785383.056	     174	      03	      09	    1540	    4898
		1785383.056	     174	      03	      10	     880	    2333
		1785383.024	     174	      05	      09	    1332	    1487
		1785383.024	     174	      05	      10	     364	       0
		1787411.776	     175	      00	      00	    1780	    7581
		1787411.776	     175	      00	      01	     390	    1649
		1787411.776	     175	      02	      06	    1786	    6476
		1787411.776	     175	      02	      07	     458	    1401
		1787411.760	     175	      03	      20	    1139	    2996
		1787411.760	     175	      03	      21	    1028	    2621
		1789040.680	     176	      00	      16	     907	    4105
		1789040.680	     176	      00	      17	    2053	    8086
		1789040.680	     176	      02	      24	    1192	    4473
		1789040.680	     176	      02	      25	    1677	    6396
		1789040.640	     176	      04	      09	     236	     203
		1789040.640	     176	      04	      10	    1702	    3625
		1789040.640	     176	      04	      11	     205	      43
		1789040.696	     176	      01	      12	    2800	    8082
		1789040.656	     176	      03	      04	     980	    3132
		1789040.656	     176	      03	      05	    3009	    8106
		1789040.624	     176	      05	      18	    1717	    3184
		1789040.624	     176	      05	      19	     265	       0
		1799773.016	     177	      00	      07	    1979	    8056
		1799773.016	     177	      00	      08	     761	    3060
		1799773.024	     177	      02	      12	    1984	    7510
		1799773.024	     177	      02	      13	    5077	    8026
		1799773.024	     177	      02	      14	     132	     430
		1799772.984	     177	      04	      01	     191	     119
		1799772.984	     177	      04	      02	    1806	    4282
		1799772.984	     177	      04	      03	     921	     905
		1799773.040	     177	      01	      22	     504	    2288
		1799773.040	     177	      01	      23	    2816	    8137
		1799773.040	     177	      01	      24	      98	     428
		1799773.000	     177	      03	      22	     151	     331
		1799773.000	     177	      03	      23	    3201	    8074
		1799772.968	     177	      05	      21	     174	      48
		1799772.968	     177	      05	      22	    1927	    3639
		1809601.728	     178	      00	      23	     611	    2652
		1809601.728	     178	      00	      24	     412	    1698
		1809601.728	     178	      02	      22	     126	     356
		1809601.728	     178	      02	      26	    1247	    4104
		1809601.728	     178	      02	      27	    1189	    4160
		1809601.696	     178	      04	      20	     374	       0
		1809601.696	     178	      04	      21	    1187	     951
		1809601.752	     178	      01	      33	     123	     526
		1809601.752	     178	      01	      34	    1601	    6576
		1809601.752	     178	      01	      35	     416	    1898
		1809601.720	     178	      03	      35	     337	     389
		1809601.680	     178	      05	      34	    3276	    6948
		1812225.216	     179	      00	      17	    1567	    6658
		1812225.224	     179	      02	      22	     154	     282
		1812225.224	     179	      02	      23	    3040	    8036
		1812225.184	     179	      04	      11	    1570	    2908
		1812225.240	     179	      01	      01	     456	    2040
		1812225.240	     179	      01	      02	    1796	    7861
		1812225.200	     179	      03	      00	    2976	    8063
		1812225.200	     179	      03	      01	    4857	    8052
		1812225.200	     179	      03	      02	    1536	    5144
		1812225.200	     179	      03	      03	      98	     431
		1812225.168	     179	      05	      02	    3674	    7691
		1812225.168	     179	      05	      03	     278	       0
		1817020.248	     180	      00	      01	     740	    3113
		1817020.256	     180	      02	      27	     101	     316
		1819313.720	     181	      00	      11	      75	     302
		1819313.720	     181	      00	      12	    2108	    8032
		1819313.720	     181	      00	      13	    2848	    8059
		1819313.728	     181	      02	      26	    2072	    7586
		1819313.728	     181	      02	      27	    1983	    7257
		1819313.688	     181	      04	      00	     456	     130
		1819313.688	     181	      04	      01	     150	      64
		1819313.744	     181	      01	      07	    1826	    7903
		1819313.744	     181	      01	      08	    1069	    4649
		1819313.704	     181	      03	      11	     371	    1000
		1819313.704	     181	      03	      12	    2563	    8000
		1822514.736	     182	      00	      13	    1855	    7939
		1822514.736	     182	      00	      14	    1304	    5606
		1822514.744	     182	      02	      11	     948	    3306
		1822514.744	     182	      02	      12	     719	    2223
		1822514.696	     182	      04	      15	    1761	    3918
		1822514.696	     182	      04	      16	     571	     125
		1822514.760	     182	      01	      16	      87	     455
		1822514.760	     182	      01	      17	    2035	    8059
		1822514.760	     182	      01	      18	     537	    2415
		1822514.728	     182	      03	      21	    1370	    4001
		1822514.728	     182	      03	      22	     593	    1314
		1822514.688	     182	      05	      12	    1355	    1701
		1822514.688	     182	      05	      13	    1144	     711
		1825782.408	     184	      00	      02	    1065	    4608
		1825782.408	     184	      00	      03	    1231	    5390
		1825782.408	     184	      00	      04	    1257	    5654
		1825782.408	     184	      00	      05	    1905	    7991
		1825782.408	     184	      00	      06	     110	     442
		1825782.368	     184	      04	      25	    1006	    1343
		1825782.368	     184	      04	      26	    2844	    7347
		1825782.424	     184	      01	      29	     827	    3623
		1825782.424	     184	      01	      30	    3025	    8069
		1825782.392	     184	      03	      01	      85	     312
		1825782.352	     184	      05	      47	     987	     293
		1835216.264	     185	      00	      10	     906	    3992
		1835216.264	     185	      00	      11	    1388	    6060
		1835216.264	     185	      02	      10	     946	    3103
		1835216.264	     185	      02	      11	    1043	    3446
		1835216.232	     185	      04	      01	     274	      93
		1835216.232	     185	      04	      11	    2584	    6383
		1835216.280	     185	      01	      16	     775	    3415
		1835216.280	     185	      01	      17	    1647	    7104
		1835216.248	     185	      03	      12	    1531	    4296
		1835216.248	     185	      03	      13	     452	    1003
		1835216.216	     185	      05	      22	    1825	    3199
		1850971.496	     186	      00	      16	     531	    2303
		1867485.976	     187	      00	      19	    4647	    8042
		1867485.976	     187	      00	      20	    2291	    8059
		1867485.976	     187	      02	      20	     118	     340
		1867485.992	     187	      01	      00	     103	     346
		1867485.952	     187	      03	      00	     125	     490
		1867485.952	     187	      03	      01	    2287	    8052
		1867485.952	     187	      03	      02	    8065	    8113
		1867485.952	     187	      03	      03	     324	    1436
		1867485.952	     187	      03	      29	     527	    2307
		1867485.920	     187	      05	      25	     219	      52
		1909366.160	     188	      00	      03	     109	     472
		1909366.160	     188	      00	      04	    1540	    6636
		1909366.160	     188	      00	      05	     704	    2886
		1909366.160	     188	      02	      00	    2339	    8029
		1909366.160	     188	      02	      01	     144	     358
		1909366.128	     188	      04	      09	    2182	    5563
		1909366.128	     188	      04	      10	     721	     175
		1909366.184	     188	      01	      15	    1722	    7595
		1909366.184	     188	      01	      16	     462	    2023
		1909366.144	     188	      03	      21	    1742	    6263
		1909366.112	     188	      05	      09	    1562	    2650
		1909366.112	     188	      05	      10	     294	       0
		1915004.008	     189	      00	      17	     640	    2677
		1917110.640	     190	      00	      17	    3043	    8086
		1917110.640	     190	      00	      18	     538	    2358
		1917110.648	     190	      02	      11	     604	    2417
		1917110.648	     190	      02	      12	    2931	    8040
		1917110.648	     190	      02	      13	     150	     428
		1917110.616	     190	      04	      21	     706	       0
		1917110.616	     190	      04	      22	     689	     111
		1917110.664	     190	      01	      07	     181	     782
		1917110.664	     190	      01	      12	     307	    1488
		1917110.664	     190	      01	      13	    2847	    8061
		1917110.664	     190	      01	      14	    1044	    4657
		1917110.632	     190	      03	      27	     151	     304
		1917110.632	     190	      03	      28	     625	    1820
		1917110.632	     190	      03	      29	    2072	    6850
		1917110.632	     190	      03	      30	    1284	    4300
		1918472.648	     191	      00	      24	    1978	    8009
		1918472.648	     191	      00	      25	     604	    2587
		1918472.616	     191	      04	      20	     918	     399
		1918472.616	     191	      04	      21	     932	     407
		1918472.672	     191	      01	      28	    1196	    4959
		1918472.672	     191	      01	      29	    1515	    6602
		1918472.632	     191	      03	      17	     110	     342
		1918472.600	     191	      05	      32	    1535	    2591
		1918472.600	     191	      05	      33	     814	       0
		1920622.544	     192	      00	      25	     575	    2549
		1924640.640	     193	      00	      09	     531	    2286
		1927439.640	     194	      00	      04	    2019	    8050
		1927439.640	     194	      00	      05	     175	     762
		1927439.608	     194	      04	      05	     100	     331
		1927439.664	     194	      01	      21	    2050	    8055
		1927439.664	     194	      01	      22	    1288	    5803
		1927439.664	     194	      01	      23	      76	     303
		1927439.624	     194	      03	      20	    2630	    8042
		1927439.624	     194	      03	      21	     896	    2638
		1927439.624	     194	      03	      26	    1855	    6389
		1927439.624	     194	      03	      27	     144	     321
		1938596.104	     195	      00	      00	    1835	    7561
		1938596.104	     195	      00	      09	     518	    2295
		1938596.104	     195	      00	      10	    1004	    4353
		1938596.104	     195	      02	      00	    1382	    5129
		1938596.104	     195	      02	      01	    1171	    4298
		1938596.088	     195	      03	      14	     569	    1015
		1938596.088	     195	      03	      15	    1222	    3376
		1942711.736	     196	      00	      21	    1482	    6460
		1942711.736	     196	      00	      22	    1503	    6501
		1942711.736	     196	      00	      23	      97	     389
		1942711.744	     196	      02	      21	    1715	    6227
		1942711.744	     196	      02	      22	    1215	    4307
		1942711.704	     196	      04	      22	    1874	    3870
		1942711.760	     196	      01	      33	     114	     559
		1942711.760	     196	      01	      34	    3952	    8006
		1942711.760	     196	      01	      35	    2233	    8023
		1942711.720	     196	      03	      22	     548	    1630
		1942711.720	     196	      03	      23	    3578	    8074
		1942711.688	     196	      05	      44	     180	     112
		1942711.688	     196	      05	      45	    1713	    2980
		1979232.704	     197	      00	      16	     985	    4385
		1987255.704	     198	      00	      09	     503	    2236
		1987255.704	     198	      00	      10	     690	    3010
		1987255.704	     198	      00	      11	     884	    3651
		1987255.704	     198	      02	      12	    1212	    4341
		1987255.704	     198	      02	      13	     829	    2781
		1987255.672	     198	      04	      08	    1265	    1933
		1987255.672	     198	      04	      09	     836	     102
		1987255.720	     198	      01	      37	    1530	    6792
		1987255.720	     198	      01	      38	     298	    1339
		1987255.688	     198	      03	      37	    1466	    4061
		1987255.688	     198	      03	      38	    1629	    4655
		1987255.656	     198	      05	      38	    1831	    3138
		1987255.656	     198	      05	      39	     470	       0
		1990320.576	     199	      00	      16	     661	    2904
