//************************************************
// File Format Version 3.2
// Janus Release 3.2.3
// Acquisition Mode: Spectroscopy
// Energy Histogram Channels: 8192
// ToA/ToT LSB: 0.5 ns
// Run start time: Wed Oct 29 19:35:22 2025 UTC
// Run info format:
// Detector Run Date LocalTime Location DetectorPositionXYZ Theta Phi PlaneSeparation MinADC
//************************************************
COMMENTS: 
ATHAB 151 29OCT2025 19:35:22 Pyramid 3.0 25.0 0.8 0.0 0.0 0.86 100 
		Tstamp_us	   TrgID	     Brd	      Ch	      LG	      HG
		3493.328	       0	      00	      12	    1856	    5600
		3493.328	       0	      00	      13	     715	    2166
		3493.328	       0	      02	      14	     739	    2284
		3493.328	       0	      02	      15	    1807	    5464
		3493.288	       0	      04	      17	    2162	    6431
		3493.344	       0	      01	      13	    2196	    6684
		3493.344	       0	      01	      14	     339	    1065
		3493.312	       0	      03	      16	    1808	    5513
		3493.272	       0	      05	      19	    2156	    6463
		6929.168	       1	      00	      00	    1049	    3142
		8911.232	       2	      00	      22	     549	    1678
		8911.232	       2	      00	      23	     420	    1196
		13057.520	       3	      00	      24	    1902	    5875
		13057.520	       3	      00	      25	    1115	    3321
		13057.536	       3	      01	      35	    1745	    5426
		13057.536	       3	      01	      36	     927	    2820
		16089.024	       4	      00	      22	     117	     300
		16089.024	       4	      00	      23	    2574	    7728
		16089.024	       4	      00	      24	     973	    2952
		16089.024	       4	      02	      21	    1463	    4498
		16089.024	       4	      02	      22	     242	     681
		16089.000	       4	      04	      19	     916	    2696
		16089.000	       4	      04	      20	     632	    1800
		16089.048	       4	      01	      29	    1646	    5020
		16089.048	       4	      01	      30	    1463	    4481
		16089.008	       4	      03	      37	    1820	    5565
		16089.008	       4	      03	      38	    1227	    3778
		16088.976	       4	      05	      44	     199	     463
		16088.976	       4	      05	      45	    2454	    7366
		16361.280	       5	      00	      04	     571	    1677
		32263.720	       6	      00	      13	    2027	    6126
		32263.720	       6	      02	      14	    1037	    3155
		32263.720	       6	      02	      15	    3143	    8005
		32263.688	       6	      04	      16	     967	    2807
		32263.688	       6	      04	      17	    2125	    6315
		32263.744	       6	      01	      20	     259	     796
		32263.744	       6	      01	      21	    1342	    4137
		32263.696	       6	      03	      17	    2112	    6500
		32263.672	       6	      05	      12	     992	    2920
		32263.672	       6	      05	      13	    3529	    8066
		32939.144	       7	      00	      14	    1058	    3267
		32939.144	       7	      00	      15	     946	    2850
		32939.160	       7	      01	      44	    2254	    6925
		62680.664	       8	      00	      27	    1301	    3910
		65575.960	       9	      00	      20	     575	    1725
		67281.664	      10	      00	      07	     709	    2140
		83888.736	      11	      00	      24	     749	    2300
		83888.736	      11	      00	      25	    1369	    4090
		83888.736	      11	      02	      25	    1807	    5497
		83888.704	      11	      04	      25	     493	    1357
		83888.704	      11	      04	      26	    1642	    4788
		83888.760	      11	      01	      28	    1506	    4543
		83888.760	      11	      01	      29	     905	    2759
		83888.712	      11	      03	      26	    1442	    4416
		83888.712	      11	      03	      27	     649	    2018
		83888.680	      11	      05	      24	    1062	    3118
		88660.472	      12	      00	      26	    2156	    6466
		88660.472	      12	      02	      24	    1675	    5110
		88660.432	      12	      04	      21	     563	    1571
		88660.432	      12	      04	      22	    1769	    5365
		88660.456	      12	      03	      19	     951	    2912
		88660.456	      12	      03	      20	    1680	    5173
		88660.416	      12	      05	      27	     943	    2742
		88660.416	      12	      05	      28	    2319	    6978
		105052.568	      13	      00	      16	     138	     348
		105052.568	      13	      00	      17	     579	    1722
		110503.616	      14	      00	      09	     897	    2706
		135160.584	      15	      00	      18	     165	     432
		135160.584	      15	      00	      19	    1579	    4724
		135160.584	      15	      02	      21	     922	    2819
		135160.584	      15	      02	      22	    2196	    6667
		135160.584	      15	      02	      23	     133	     306
		135160.552	      15	      04	      24	     891	    2627
		135160.552	      15	      04	      25	    1012	    2951
		135160.600	      15	      01	      27	     616	    1858
		135160.600	      15	      01	      28	    2182	    6573
		135160.568	      15	      03	      28	     262	     760
		135160.568	      15	      03	      29	     913	    2820
		135160.568	      15	      03	      30	     388	    1140
		135160.568	      15	      03	      31	    2083	    6388
		135160.528	      15	      05	      33	    1329	    3840
		135160.528	      15	      05	      34	     819	    2367
		155032.112	      16	      00	      17	     771	    2346
		162864.624	      17	      00	      04	     499	    1478
		162864.648	      17	      01	      06	     205	     588
		188326.784	      18	      00	      27	     919	    2770
		188326.784	      18	      02	      21	    1133	    3518
		188326.784	      18	      02	      22	     791	    2404
		188326.752	      18	      04	      15	    1500	    4435
		188326.752	      18	      04	      16	     882	    2517
		188326.768	      18	      03	      26	    2484	    7604
		188326.728	      18	      05	      25	    1078	    3150
		188326.728	      18	      05	      26	    1155	    3345
		195247.400	      19	      00	      16	    1622	    4898
		195247.400	      19	      00	      17	     840	    2529
		195247.400	      19	      02	      20	    2294	    7043
		195247.368	      19	      04	      23	    3722	    8036
		195247.424	      19	      01	      11	     286	     886
		195247.424	      19	      01	      12	    2223	    6794
		195247.384	      19	      03	      17	    1206	    3700
		195247.384	      19	      03	      20	     141	     340
		195247.384	      19	      03	      21	    1596	    4809
		195247.384	      19	      03	      22	    1531	    4793
		195247.344	      19	      05	      29	     226	     587
		195247.344	      19	      05	      30	    2984	    8123
		226433.176	      20	      00	      03	     749	    2299
		227018.104	      21	      00	      15	     284	     816
		227018.104	      21	      00	      21	     673	    2003
		227018.128	      21	      01	      25	     861	    2686
		227018.128	      21	      01	      26	    1669	    5106
		231076.296	      22	      00	      26	    1310	    3937
		231076.296	      22	      00	      27	     460	    1338
		231076.296	      22	      02	      26	     871	    2638
		231076.296	      22	      02	      27	     848	    2561
		231076.264	      22	      04	      27	    1940	    5830
		246288.072	      23	      00	      12	     588	    1749
		246288.048	      23	      03	      05	     483	    1412
		249029.200	      24	      00	      23	     644	    1915
		249029.200	      24	      00	      24	    2507	    7709
		249029.200	      24	      02	      13	     241	     633
		249029.200	      24	      02	      14	    1780	    5384
		249029.224	      24	      01	      43	     875	    2724
		249029.176	      24	      03	      44	     801	    2505
		249029.176	      24	      03	      45	    2371	    7314
		249029.144	      24	      05	      46	    1896	    5559
		249029.144	      24	      05	      47	    1321	    3866
		249100.056	      25	      00	      16	    1945	    5927
		249100.056	      25	      00	      17	     705	    2133
		249100.072	      25	      01	      11	    2011	    6146
		249100.072	      25	      01	      12	     399	    1213
		264776.488	      26	      00	      06	     549	    1650
		264776.472	      26	      03	      10	     163	     421
		269186.024	      27	      00	      18	     599	    1767
		274061.536	      28	      00	      16	     857	    2521
		284705.496	      29	      00	      12	    1826	    5491
		284705.496	      29	      00	      13	     377	    1113
		284705.496	      29	      02	      10	    1211	    3665
		284705.496	      29	      02	      11	    1184	    3640
		284705.464	      29	      04	      08	    1429	    4296
		284705.464	      29	      04	      09	     952	    2733
		284705.512	      29	      01	      07	     407	    1212
		284705.512	      29	      01	      08	     970	    2971
		284705.472	      29	      03	      05	    1084	    3317
		284705.472	      29	      03	      06	    1125	    3470
		284705.440	      29	      05	      03	     864	    2536
		284705.440	      29	      05	      04	     836	    2476
		291784.424	      30	      00	      26	    1019	    3049
		291784.424	      30	      00	      27	     376	    1091
		291784.416	      30	      02	      26	     818	    2465
		291784.416	      30	      02	      27	    3063	    8068
		291784.384	      30	      04	      27	     817	    2365
		291784.368	      30	      05	      32	     526	    1436
		291784.368	      30	      05	      33	     373	    1000
		293299.776	      31	      00	      19	    2546	    7681
		293299.776	      31	      02	      15	    1525	    4611
		293299.776	      31	      02	      16	    2537	    7807
		293299.744	      31	      04	      12	    1837	    5539
		293299.744	      31	      04	      13	    1892	    5763
		293299.800	      31	      01	      01	     825	    2455
		293299.800	      31	      01	      02	    2184	    6776
		293299.752	      31	      03	      04	     351	    1048
		293299.752	      31	      03	      05	    2094	    6391
		293299.752	      31	      03	      06	     110	     347
		293299.720	      31	      05	      06	    2708	    8021
		296729.360	      32	      00	      03	     177	     491
		296729.360	      32	      00	      04	    1869	    5669
		296729.360	      32	      02	      04	     776	    2344
		296729.360	      32	      02	      05	     713	    2157
		296729.328	      32	      04	      04	     513	    1392
		296729.328	      32	      04	      05	    4361	    8066
		296729.376	      32	      01	      15	    2135	    6518
		296729.376	      32	      01	      16	     111	     315
		296729.336	      32	      03	      13	     657	    2040
		296729.336	      32	      03	      14	    1228	    3803
		296729.312	      32	      05	      12	    1725	    5158
		299643.272	      33	      00	      18	    1287	    3829
		299643.272	      33	      02	      16	    2205	    6773
		299643.240	      33	      04	      14	    2248	    6702
		299643.296	      33	      01	      45	    2256	    6924
		299643.256	      33	      03	      40	    2309	    7105
		299643.256	      33	      03	      41	     613	    1876
		299643.224	      33	      05	      34	    1562	    4581
		299643.224	      33	      05	      35	    3949	    8118
		299643.224	      33	      05	      36	     160	     368
		300702.376	      34	      00	      10	    2156	    6526
		300702.368	      34	      02	      07	    1147	    3471
		300702.368	      34	      02	      08	     867	    2644
		300702.344	      34	      04	      05	    2255	    6794
		300702.392	      34	      01	      20	     421	    1287
		300702.392	      34	      01	      21	    1870	    5727
		300702.360	      34	      03	      18	    2893	    8097
		300702.360	      34	      03	      19	    1122	    3450
		300702.320	      34	      05	      16	    1438	    4309
		303593.984	      35	      00	      15	    2395	    7292
		303593.984	      35	      02	      12	    2926	    8032
		303593.984	      35	      02	      13	     765	    2316
		303594.008	      35	      01	      36	    2223	    6797
		303593.968	      35	      03	      41	    1017	    3130
		303593.968	      35	      03	      42	    1607	    4985
		303593.928	      35	      05	      44	    2948	    8013
		303593.928	      35	      05	      46	     394	    1034
		303593.928	      35	      05	      47	    1684	    4979
		306928.536	      36	      00	      21	    1726	    5228
		306928.528	      36	      02	      22	    1043	    3166
		306928.528	      36	      02	      23	     817	    2500
		306928.496	      36	      04	      24	    1389	    4200
		306928.552	      36	      01	      00	    1229	    3778
		306928.552	      36	      01	      01	    1153	    3424
		306928.512	      36	      03	      01	    2385	    7233
		306928.480	      36	      05	      01	    2321	    6895
		321390.200	      37	      00	      17	    1185	    3593
		321390.200	      37	      00	      18	    1729	    5164
		327007.680	      38	      00	      04	    1033	    3096
		331040.976	      39	      00	      07	    3755	    8060
		331040.976	      39	      02	      10	    3889	    8028
		331040.976	      39	      02	      11	     871	    2681
		331040.944	      39	      04	      12	     148	     306
		331040.944	      39	      04	      13	    2592	    7912
		331040.992	      39	      01	      07	    2403	    7321
		331040.992	      39	      01	      08	     463	    1419
		331040.952	      39	      03	      17	    2796	    8059
		331040.952	      39	      03	      18	     756	    2346
		331040.920	      39	      05	      25	     215	     533
		331040.920	      39	      05	      26	    2247	    6685
		331360.112	      40	      00	      00	    4431	    8027
		331360.112	      40	      00	      01	    1602	    4790
		331360.112	      40	      02	      18	    1255	    3794
		331360.112	      40	      02	      19	    1626	    4925
		331360.112	      40	      02	      20	    3712	    8059
		331360.112	      40	      02	      21	    2690	    8036
		331360.088	      40	      03	      28	    2145	    6528
		331360.088	      40	      03	      29	    2515	    7678
		341382.440	      41	      00	      09	     548	    1618
		344673.592	      42	      00	      04	     596	    1760
		357760.336	      43	      00	      19	     525	    1529
		361993.624	      44	      00	      02	    2197	    6625
		361993.640	      44	      01	      02	    1030	    3201
		361993.640	      44	      01	      03	    1011	    3069
		363488.024	      45	      00	      13	     648	    1929
		365221.904	      46	      00	      08	    1357	    4178
		365221.904	      46	      00	      09	     810	    2424
		365221.920	      46	      01	      40	    1392	    4263
		365221.920	      46	      01	      41	    1193	    3647
		371257.968	      47	      00	      10	    2453	    7409
		371257.968	      47	      02	      08	    1531	    4654
		371257.968	      47	      02	      09	     399	    1235
		371257.936	      47	      04	      06	    1459	    4340
		371257.936	      47	      04	      07	    1067	    3140
		371257.984	      47	      01	      25	    1033	    3206
		371257.984	      47	      01	      26	     886	    2692
		371257.952	      47	      03	      22	     884	    2751
		371257.952	      47	      03	      23	    1301	    4016
		371257.912	      47	      05	      19	    1171	    3470
		371257.912	      47	      05	      20	     848	    2455
		377375.328	      48	      00	      19	    1708	    5111
		377375.336	      48	      02	      17	     818	    2436
		377375.336	      48	      02	      18	    1883	    5710
		377375.296	      48	      04	      16	    1532	    4512
		377375.344	      48	      01	      25	    2224	    6861
		377375.312	      48	      03	      25	     827	    2484
		377375.312	      48	      03	      26	    1361	    4124
		377375.272	      48	      05	      25	     877	    2563
		377375.272	      48	      05	      26	    1767	    5247
		382360.768	      49	      00	      22	    1528	    4650
		382360.768	      49	      00	      23	     327	     919
		382360.768	      49	      02	      23	    1592	    4905
		382360.736	      49	      04	      23	     150	     301
		382360.736	      49	      04	      24	    1401	    4206
		382360.736	      49	      04	      25	     797	    2255
		382360.784	      49	      01	      12	     395	    1193
		382360.784	      49	      01	      13	    2168	    6604
		382360.752	      49	      03	      10	     866	    2712
		382360.752	      49	      03	      11	    1423	    4448
		382360.712	      49	      05	      08	    2277	    6861
		382360.712	      49	      05	      09	     461	    1299
		386694.696	      50	      00	      04	    1355	    4107
		386694.696	      50	      00	      05	    1972	    5978
		386694.696	      50	      00	      06	     131	     338
		386694.696	      50	      02	      11	    3344	    8069
		386694.664	      50	      04	      17	    2595	    7766
		386694.712	      50	      01	      05	    1736	    5341
		386694.712	      50	      01	      06	    2372	    7216
		386694.680	      50	      03	      13	    1315	    4104
		386694.680	      50	      03	      14	    2136	    6578
		386694.632	      50	      05	      21	    2296	    6907
		386694.632	      50	      05	      22	    1333	    3964
		387058.344	      51	      00	      13	     881	    2648
		387058.344	      51	      00	      14	     250	     721
		390082.416	      53	      00	      18	     464	    1318
		390082.416	      53	      00	      19	    2237	    6731
		390082.416	      53	      02	      19	     915	    2789
		390082.416	      53	      02	      20	     706	    2147
		390082.384	      53	      04	      20	    1782	    5364
		390082.432	      53	      01	      30	    1959	    5997
		390082.400	      53	      03	      32	    1325	    4134
		390082.400	      53	      03	      33	    1333	    4106
		390082.360	      53	      05	      35	    2575	    7639
		394655.584	      54	      00	      10	     239	     609
		394655.584	      54	      00	      11	    1283	    3832
		394655.584	      54	      02	      09	     953	    2898
		394655.552	      54	      04	      07	    2643	    7960
		394655.552	      54	      04	      08	     818	    2414
		394655.608	      54	      01	      44	     646	    1953
		394655.608	      54	      01	      45	    1739	    5353
		394655.568	      54	      03	      42	     749	    2279
		394655.568	      54	      03	      43	    1228	    3739
		394655.528	      54	      05	      40	    1974	    5880
		394655.528	      54	      05	      41	     515	    1430
		406673.976	      55	      00	      13	     503	    1490
		406673.976	      55	      00	      14	    2206	    6790
		406673.984	      55	      02	      14	     444	    1286
		406673.984	      55	      02	      15	    1108	    3332
		406673.944	      55	      04	      15	     836	    2391
		406673.944	      55	      04	      16	    1084	    3158
		406674.000	      55	      01	      37	    1510	    4606
		406674.000	      55	      01	      38	     227	     677
		406673.960	      55	      03	      36	    1996	    6120
		406673.960	      55	      03	      37	     735	    2285
		406673.928	      55	      05	      30	     156	     372
		406673.928	      55	      05	      34	     145	     347
		406673.928	      55	      05	      35	    2126	    6274
		423473.888	      56	      00	      17	     560	    1669
		433763.584	      57	      00	      21	     691	    2060
		434417.752	      58	      00	      17	     438	    1295
		434417.752	      58	      00	      18	    1257	    3742
		434417.752	      58	      02	      20	    1039	    3185
		434417.752	      58	      02	      21	     513	    1593
		434417.712	      58	      04	      23	    2043	    5976
		434417.768	      58	      01	      39	    1190	    3680
		434417.768	      58	      01	      40	     809	    2494
		434417.728	      58	      03	      38	    1517	    4651
		434417.728	      58	      03	      39	    1063	    3267
		434417.696	      58	      05	      37	    2222	    6631
		434417.696	      58	      05	      38	    1075	    3153
		440072.000	      59	      00	      15	     586	    1748
		446224.368	      60	      00	      07	    1456	    4490
		446224.368	      60	      00	      08	     145	     388
		446224.368	      60	      02	      08	    1327	    4022
		446224.336	      60	      04	      08	     428	    1141
		446224.336	      60	      04	      09	     847	    2452
		446224.392	      60	      01	      39	     803	    2474
		446224.392	      60	      01	      40	     864	    2624
		446224.352	      60	      03	      40	     833	    2593
		446224.352	      60	      03	      41	     937	    2895
		446224.320	      60	      05	      41	    1273	    3717
		447883.680	      61	      00	      25	    1357	    4047
		464079.256	      62	      00	      09	    1505	    4550
		464079.256	      62	      00	      10	    1294	    3887
		464079.256	      62	      00	      11	     511	    1514
		464079.256	      62	      02	      02	     356	    1046
		464079.256	      62	      02	      03	    1691	    5210
		464079.256	      62	      02	      04	     563	    1713
		464079.224	      62	      04	      09	     327	     846
		464079.232	      62	      03	      36	    1973	    6040
		464079.200	      62	      05	      41	    2353	    6996
		464079.200	      62	      05	      42	    1078	    3189
		464079.200	      62	      05	      43	     560	    1579
		473638.512	      63	      00	      04	    1714	    5202
		473638.512	      63	      02	      06	    2574	    7908
		473638.512	      63	      02	      07	     209	     585
		473638.472	      63	      04	      08	    2218	    6737
		473638.472	      63	      04	      09	     270	     668
		473638.536	      63	      01	      36	    1888	    5763
		473638.496	      63	      03	      32	    1170	    3634
		473638.496	      63	      03	      33	    1386	    4276
		473638.456	      63	      05	      29	    2791	    7984
		473638.456	      63	      05	      30	     573	    1648
		475357.160	      64	      00	      24	     925	    2795
		478781.968	      65	      00	      13	     703	    2096
		498809.376	      66	      00	      26	     775	    2310
		498809.376	      66	      00	      27	    1090	    3266
		498809.376	      66	      02	      24	     500	    1507
		498809.376	      66	      02	      25	    1664	    5064
		498809.376	      66	      02	      26	     177	     463
		498809.344	      66	      04	      23	    2395	    7041
		498809.352	      66	      03	      04	     822	    2468
		498809.352	      66	      03	      05	    1126	    3458
		498809.320	      66	      05	      02	     980	    2921
		498809.320	      66	      05	      03	    1196	    3561
		499158.192	      67	      00	      20	     864	    2627
		502661.704	      68	      00	      06	     531	    1583
		503262.352	      69	      00	      02	     776	    2342
		508669.864	      70	      00	      03	     507	    1525
		508669.864	      70	      00	      04	    1169	    3524
		508669.856	      70	      02	      00	    1814	    5563
		508669.888	      70	      01	      34	    1136	    3490
		508669.888	      70	      01	      35	    1581	    4884
		508669.840	      70	      03	      35	     976	    3089
		508669.840	      70	      03	      36	     924	    2863
		509299.024	      71	      00	      10	     535	    1595
		510168.416	      72	      00	      26	    2287	    6912
		510168.416	      72	      02	      17	     386	    1095
		510168.416	      72	      02	      18	    2415	    7326
		510168.376	      72	      04	      09	     304	     789
		510168.376	      72	      04	      10	    2797	    8042
		510168.392	      72	      03	      06	    2249	    6922
		510168.392	      72	      03	      07	     798	    2493
		510168.352	      72	      05	      09	     906	    2690
		510168.352	      72	      05	      10	    2732	    8046
		515968.592	      73	      00	      07	     195	     513
		515968.592	      73	      00	      08	     727	    2206
		524490.864	      74	      00	      25	    1394	    4166
		524490.864	      74	      00	      26	    1673	    5028
		524490.864	      74	      02	      17	     202	     523
		524490.864	      74	      02	      18	    2491	    7541
		524490.832	      74	      04	      11	    2018	    6083
		524490.832	      74	      04	      12	     391	    1050
		524490.848	      74	      03	      19	    1403	    4261
		524490.848	      74	      03	      20	     829	    2494
		524490.808	      74	      05	      18	    1930	    5775
		524490.808	      74	      05	      19	     496	    1421
		527434.040	      75	      00	      15	    2278	    6916
		527434.040	      75	      02	      14	     627	    1897
		527434.040	      75	      02	      15	    1259	    3810
		527434.008	      75	      04	      14	    1701	    5055
		527434.008	      75	      04	      15	    2140	    6419
		527434.064	      75	      01	      11	    1251	    3784
		527434.064	      75	      01	      12	     797	    2423
		527434.024	      75	      03	      15	    2037	    6218
		527434.024	      75	      03	      16	     203	     590
		527433.984	      75	      05	      18	    1665	    4972
		527433.984	      75	      05	      19	     441	    1228
		533895.376	      76	      00	      07	     861	    2621
		533895.376	      76	      00	      08	    2077	    6422
		533895.376	      76	      02	      03	     435	    1332
		533895.376	      76	      02	      04	    1838	    5548
		533895.344	      76	      04	      00	    2119	    6328
		533895.400	      76	      01	      26	     610	    1878
		533895.400	      76	      01	      27	    1475	    4528
		533895.352	      76	      03	      23	    1348	    4098
		533895.352	      76	      03	      24	     413	    1227
		533895.320	      76	      05	      20	    1648	    4828
		548181.136	      77	      00	      04	     824	    2477
		550718.408	      78	      00	      05	    1718	    5196
		550718.408	      78	      02	      09	    1550	    4725
		550718.408	      78	      02	      10	     931	    2840
		550718.376	      78	      04	      14	    1896	    5643
		550718.376	      78	      04	      15	     269	     665
		550718.432	      78	      01	      38	    1689	    5227
		550718.384	      78	      03	      39	    1216	    3716
		550718.384	      78	      03	      40	     789	    2464
		550718.352	      78	      05	      40	     399	    1105
		550718.352	      78	      05	      41	    1615	    4751
		558310.768	      79	      00	      00	    2922	    8027
		558310.768	      79	      00	      01	     823	    2457
		558310.768	      79	      00	      02	     127	     300
		558310.776	      79	      02	      14	    3545	    8136
		558310.776	      79	      02	      15	     651	    1987
		558310.736	      79	      04	      27	    1391	    4158
		558310.752	      79	      03	      23	    3114	    8137
		558310.752	      79	      03	      24	     695	    2223
		558310.752	      79	      03	      25	     133	     331
		558310.720	      79	      05	      22	    1777	    5311
		558310.720	      79	      05	      23	    2170	    6464
		567888.096	      80	      00	      07	     566	    1692
		567888.096	      80	      00	      08	    1680	    5157
		567888.096	      80	      02	      05	    1285	    3864
		567888.096	      80	      02	      06	     568	    1733
		567888.064	      80	      04	      02	    1614	    4827
		567888.064	      80	      04	      03	     753	    2146
		567888.112	      80	      01	      45	     954	    2904
		567888.112	      80	      01	      46	    1365	    4173
		567888.080	      80	      03	      40	    1482	    4597
		567888.080	      80	      03	      41	    1298	    4002
		567888.040	      80	      05	      34	    2272	    6740
		567888.040	      80	      05	      35	    2234	    6618
		573696.840	      81	      00	      19	     574	    1697
		577377.048	      82	      00	      08	     512	    1532
		577704.040	      83	      00	      12	     283	     783
		577704.040	      83	      00	      13	    1140	    3439
		603123.784	      84	      00	      25	    1172	    3499
		603123.784	      84	      00	      26	     913	    2746
		603123.784	      84	      02	      27	    1514	    4575
		603123.800	      84	      01	      41	    1960	    5962
		603123.768	      84	      03	      39	    1314	    4001
		629851.304	      85	      00	      24	    2049	    6305
		629851.304	      85	      00	      25	     277	     787
		629851.328	      85	      01	      10	    1947	    5977
		629851.328	      85	      01	      11	    2011	    6138
		629851.328	      85	      01	      12	    1252	    3845
		645750.392	      86	      00	      00	     700	    2102
		657263.448	      87	      00	      19	     591	    1751
		665626.112	      88	      00	      09	     686	    2058
		665862.128	      89	      00	      14	    1873	    5767
		665862.128	      89	      00	      15	     644	    1921
		668572.952	      90	      00	      27	     592	    1750
		674156.712	      91	      00	      19	     571	    1668
		676546.576	      92	      00	      23	    1536	    4570
		676546.576	      92	      00	      24	     717	    2162
		676546.568	      92	      02	      00	     122	     308
		676546.568	      92	      02	      19	     357	    1064
		676546.568	      92	      02	      20	    2113	    6462
		676546.536	      92	      04	      16	    1238	    3620
		676546.536	      92	      04	      17	    1113	    3244
		676546.592	      92	      01	      27	     829	    2523
		676546.592	      92	      01	      28	    1282	    3876
		676546.552	      92	      03	      24	     651	    1959
		676546.552	      92	      03	      25	    1633	    4974
		676546.520	      92	      05	      22	    2257	    6760
		676546.520	      92	      05	      23	     488	    1350
		678742.648	      93	      00	      26	     641	    1878
		681000.416	      94	      00	      07	    2043	    6307
		681000.416	      94	      00	      08	     811	    2480
		681000.416	      94	      02	      01	    1432	    4180
		681000.416	      94	      02	      02	    1237	    3720
		681000.432	      94	      01	      24	    1220	    3714
		681000.432	      94	      01	      25	     228	     728
		681000.400	      94	      03	      25	     649	    1942
		681000.400	      94	      03	      26	    1256	    3831
		682530.112	      95	      00	      04	    1217	    3680
		682530.136	      95	      01	      38	     827	    2587
		714179.528	      96	      00	      27	    1544	    4660
		714179.528	      96	      02	      17	    1320	    3924
		714179.528	      96	      02	      18	    1223	    3724
		714179.496	      96	      04	      07	    1477	    4362
		714179.496	      96	      04	      08	    2065	    6263
		714179.512	      96	      03	      18	    2077	    6340
		714179.512	      96	      03	      19	    1700	    5180
		714179.480	      96	      05	      19	    1187	    3511
		714179.480	      96	      05	      20	    1844	    5402
		725026.040	      97	      00	      07	    1057	    3234
		726235.176	      98	      00	      10	     782	    2341
		727698.048	      99	      00	      10	     619	    1827
		727698.048	      99	      00	      11	    1862	    5612
		727698.040	      99	      02	      08	    1035	    3134
		727698.040	      99	      02	      09	    1583	    4802
		727698.016	      99	      04	      06	     776	    2284
		727698.016	      99	      04	      07	    1495	    4435
		727698.064	      99	      01	      19	    1443	    4397
		727698.064	      99	      01	      20	     826	    2532
		727698.032	      99	      03	      27	     977	    3003
		727698.032	      99	      03	      28	    1409	    4296
		727697.992	      99	      05	      35	    1863	    5500
		727697.992	      99	      05	      36	    1882	    5585
		727697.992	      99	      05	      37	     159	     346
		729403.888	     100	      00	      22	     520	    1565
